Label,Timestamp,AP SSID,BSSID,Rssi,Distance (mm),StdDev (mm),timeStemp,mcOn
4,2024-11-28 14:12:21.487,MCSLab RTT AP2,24:29:34:e1:ef:d4,-72,9585,239,3542722121,true
4,2024-11-28 14:12:21.487,MCSLab RTT AP2,24:29:34:e1:ef:d4,-72,9585,239,3542722121,true
4,2024-11-28 14:12:21.487,MCSLab RTT AP3,e4:5e:1b:a0:5e:85,-59,8325,1320,3542722120,true
4,2024-11-28 14:12:21.487,MCSLab RTT AP2,24:29:34:e1:ef:d4,-72,9585,239,3542722121,true
4,2024-11-28 14:12:21.487,MCSLab RTT AP3,e4:5e:1b:a0:5e:85,-59,8325,1320,3542722120,true
4,2024-11-28 14:12:21.487,MCSLab RTT AP1,24:29:34:e2:4c:36,-59,600,1323,3542722120,true
4,2024-11-28 14:12:21.487,MCSLab RTT AP2,24:29:34:e1:ef:d4,-72,9585,239,3542722121,true
4,2024-11-28 14:12:21.487,MCSLab RTT AP3,e4:5e:1b:a0:5e:85,-59,8325,1320,3542722120,true
4,2024-11-28 14:12:21.487,MCSLab RTT AP1,24:29:34:e2:4c:36,-59,600,1323,3542722120,true
4,2024-11-28 14:12:21.487,MCSLab RTT AP3,b0:e4:d5:88:16:86,-61,1292,1707,3542722120,true
4,2024-11-28 14:12:21.652,MCSLab RTT AP2,24:29:34:e1:ef:d4,-73,9585,791,3542722291,true
4,2024-11-28 14:12:21.652,MCSLab RTT AP2,24:29:34:e1:ef:d4,-73,9585,791,3542722291,true
4,2024-11-28 14:12:21.652,MCSLab RTT AP3,e4:5e:1b:a0:5e:85,-59,10317,1866,3542722291,true
4,2024-11-28 14:12:21.652,MCSLab RTT AP2,24:29:34:e1:ef:d4,-73,9585,791,3542722291,true
4,2024-11-28 14:12:21.652,MCSLab RTT AP3,e4:5e:1b:a0:5e:85,-59,10317,1866,3542722291,true
4,2024-11-28 14:12:21.652,MCSLab RTT AP1,24:29:34:e2:4c:36,-60,718,1047,3542722291,true
4,2024-11-28 14:12:21.652,MCSLab RTT AP2,24:29:34:e1:ef:d4,-73,9585,791,3542722291,true
4,2024-11-28 14:12:21.652,MCSLab RTT AP3,e4:5e:1b:a0:5e:85,-59,10317,1866,3542722291,true
4,2024-11-28 14:12:21.652,MCSLab RTT AP1,24:29:34:e2:4c:36,-60,718,1047,3542722291,true
4,2024-11-28 14:12:21.652,MCSLab RTT AP3,b0:e4:d5:88:16:86,-58,6126,583,3542722291,true
4,2024-11-28 14:12:21.744,MCSLab RTT AP2,24:29:34:e1:ef:d4,-72,9233,367,3542722385,true
4,2024-11-28 14:12:21.744,MCSLab RTT AP2,24:29:34:e1:ef:d4,-72,9233,367,3542722385,true
4,2024-11-28 14:12:21.744,MCSLab RTT AP3,e4:5e:1b:a0:5e:85,-61,8677,1013,3542722385,true
4,2024-11-28 14:12:21.744,MCSLab RTT AP2,24:29:34:e1:ef:d4,-72,9233,367,3542722385,true
4,2024-11-28 14:12:21.744,MCSLab RTT AP3,e4:5e:1b:a0:5e:85,-61,8677,1013,3542722385,true
4,2024-11-28 14:12:21.744,MCSLab RTT AP1,24:29:34:e2:4c:36,-61,1108,867,3542722385,true
4,2024-11-28 14:12:21.744,MCSLab RTT AP2,24:29:34:e1:ef:d4,-72,9233,367,3542722385,true
4,2024-11-28 14:12:21.744,MCSLab RTT AP3,e4:5e:1b:a0:5e:85,-61,8677,1013,3542722385,true
4,2024-11-28 14:12:21.744,MCSLab RTT AP1,24:29:34:e2:4c:36,-61,1108,867,3542722385,true
4,2024-11-28 14:12:21.744,MCSLab RTT AP3,b0:e4:d5:88:16:86,-63,1605,1654,3542722385,true
4,2024-11-28 14:12:21.846,MCSLab RTT AP2,24:29:34:e1:ef:d4,-72,9975,276,3542722486,true
4,2024-11-28 14:12:21.846,MCSLab RTT AP2,24:29:34:e1:ef:d4,-72,9975,276,3542722486,true
4,2024-11-28 14:12:21.846,MCSLab RTT AP3,e4:5e:1b:a0:5e:85,-60,14262,126,3542722486,true
4,2024-11-28 14:12:21.846,MCSLab RTT AP2,24:29:34:e1:ef:d4,-72,9975,276,3542722486,true
4,2024-11-28 14:12:21.846,MCSLab RTT AP3,e4:5e:1b:a0:5e:85,-60,14262,126,3542722486,true
4,2024-11-28 14:12:21.846,MCSLab RTT AP1,24:29:34:e2:4c:36,-56,678,1097,3542722486,true
4,2024-11-28 14:12:21.846,MCSLab RTT AP2,24:29:34:e1:ef:d4,-72,9975,276,3542722486,true
4,2024-11-28 14:12:21.846,MCSLab RTT AP3,e4:5e:1b:a0:5e:85,-60,14262,126,3542722486,true
4,2024-11-28 14:12:21.846,MCSLab RTT AP1,24:29:34:e2:4c:36,-56,678,1097,3542722486,true
4,2024-11-28 14:12:21.846,MCSLab RTT AP3,b0:e4:d5:88:16:86,-65,1527,1468,3542722486,true
4,2024-11-28 14:12:21.954,MCSLab RTT AP2,24:29:34:e1:ef:d4,-70,9389,426,3542722594,true
4,2024-11-28 14:12:21.954,MCSLab RTT AP2,24:29:34:e1:ef:d4,-70,9389,426,3542722594,true
4,2024-11-28 14:12:21.954,MCSLab RTT AP3,e4:5e:1b:a0:5e:85,-60,14497,82,3542722594,true
4,2024-11-28 14:12:21.954,MCSLab RTT AP2,24:29:34:e1:ef:d4,-70,9389,426,3542722594,true
4,2024-11-28 14:12:21.954,MCSLab RTT AP3,e4:5e:1b:a0:5e:85,-60,14497,82,3542722594,true
4,2024-11-28 14:12:21.954,MCSLab RTT AP1,24:29:34:e2:4c:36,-58,1030,864,3542722594,true
4,2024-11-28 14:12:21.954,MCSLab RTT AP2,24:29:34:e1:ef:d4,-70,9389,426,3542722594,true
4,2024-11-28 14:12:21.954,MCSLab RTT AP3,e4:5e:1b:a0:5e:85,-60,14497,82,3542722594,true
4,2024-11-28 14:12:21.954,MCSLab RTT AP1,24:29:34:e2:4c:36,-58,1030,864,3542722594,true
4,2024-11-28 14:12:21.954,MCSLab RTT AP3,b0:e4:d5:88:16:86,-58,2347,1573,3542722594,true
4,2024-11-28 14:12:22.055,MCSLab RTT AP2,24:29:34:e1:ef:d4,-69,9350,369,3542722695,true
4,2024-11-28 14:12:22.055,MCSLab RTT AP2,24:29:34:e1:ef:d4,-69,9350,369,3542722695,true
4,2024-11-28 14:12:22.055,MCSLab RTT AP3,e4:5e:1b:a0:5e:85,-61,8325,1463,3542722695,true
4,2024-11-28 14:12:22.055,MCSLab RTT AP2,24:29:34:e1:ef:d4,-69,9350,369,3542722695,true
4,2024-11-28 14:12:22.055,MCSLab RTT AP3,e4:5e:1b:a0:5e:85,-61,8325,1463,3542722695,true
4,2024-11-28 14:12:22.055,MCSLab RTT AP1,24:29:34:e2:4c:36,-55,1928,891,3542722695,true
4,2024-11-28 14:12:22.055,MCSLab RTT AP2,24:29:34:e1:ef:d4,-69,9350,369,3542722695,true
4,2024-11-28 14:12:22.055,MCSLab RTT AP3,e4:5e:1b:a0:5e:85,-61,8325,1463,3542722695,true
4,2024-11-28 14:12:22.055,MCSLab RTT AP1,24:29:34:e2:4c:36,-55,1928,891,3542722695,true
4,2024-11-28 14:12:22.055,MCSLab RTT AP3,b0:e4:d5:88:16:86,-60,1292,1482,3542722695,true
4,2024-11-28 14:12:22.157,MCSLab RTT AP2,24:29:34:e1:ef:d4,-71,8491,1000,3542722797,true
4,2024-11-28 14:12:22.157,MCSLab RTT AP2,24:29:34:e1:ef:d4,-71,8491,1000,3542722797,true
4,2024-11-28 14:12:22.157,MCSLab RTT AP3,e4:5e:1b:a0:5e:85,-60,13940,158,3542722797,true
4,2024-11-28 14:12:22.157,MCSLab RTT AP2,24:29:34:e1:ef:d4,-71,8491,1000,3542722797,true
4,2024-11-28 14:12:22.157,MCSLab RTT AP3,e4:5e:1b:a0:5e:85,-60,13940,158,3542722797,true
4,2024-11-28 14:12:22.157,MCSLab RTT AP1,24:29:34:e2:4c:36,-61,678,922,3542722797,true
4,2024-11-28 14:12:22.157,MCSLab RTT AP2,24:29:34:e1:ef:d4,-71,8491,1000,3542722797,true
4,2024-11-28 14:12:22.157,MCSLab RTT AP3,e4:5e:1b:a0:5e:85,-60,13940,158,3542722797,true
4,2024-11-28 14:12:22.157,MCSLab RTT AP1,24:29:34:e2:4c:36,-61,678,922,3542722797,true
4,2024-11-28 14:12:22.157,MCSLab RTT AP3,b0:e4:d5:88:16:86,-59,1175,1699,3542722797,true
4,2024-11-28 14:12:22.261,MCSLab RTT AP2,24:29:34:e1:ef:d4,-71,7280,1183,3542722892,true
4,2024-11-28 14:12:22.261,MCSLab RTT AP2,24:29:34:e1:ef:d4,-71,7280,1183,3542722892,true
4,2024-11-28 14:12:22.261,MCSLab RTT AP3,e4:5e:1b:a0:5e:85,-61,8325,2644,3542722892,true
4,2024-11-28 14:12:22.261,MCSLab RTT AP2,24:29:34:e1:ef:d4,-71,7280,1183,3542722892,true
4,2024-11-28 14:12:22.261,MCSLab RTT AP3,e4:5e:1b:a0:5e:85,-61,8325,2644,3542722892,true
4,2024-11-28 14:12:22.261,MCSLab RTT AP1,24:29:34:e2:4c:36,-57,2973,290,3542722892,true
4,2024-11-28 14:12:22.261,MCSLab RTT AP2,24:29:34:e1:ef:d4,-71,7280,1183,3542722892,true
4,2024-11-28 14:12:22.261,MCSLab RTT AP3,e4:5e:1b:a0:5e:85,-61,8325,2644,3542722892,true
4,2024-11-28 14:12:22.261,MCSLab RTT AP1,24:29:34:e2:4c:36,-57,2973,290,3542722892,true
4,2024-11-28 14:12:22.261,MCSLab RTT AP3,b0:e4:d5:88:16:86,-60,1448,1316,3542722892,true
4,2024-11-28 14:12:22.356,MCSLab RTT AP2,24:29:34:e1:ef:d4,-69,8413,889,3542722995,true
4,2024-11-28 14:12:22.356,MCSLab RTT AP2,24:29:34:e1:ef:d4,-69,8413,889,3542722995,true
4,2024-11-28 14:12:22.356,MCSLab RTT AP3,e4:5e:1b:a0:5e:85,-61,14028,82,3542722995,true
4,2024-11-28 14:12:22.356,MCSLab RTT AP2,24:29:34:e1:ef:d4,-69,8413,889,3542722995,true
4,2024-11-28 14:12:22.356,MCSLab RTT AP3,e4:5e:1b:a0:5e:85,-61,14028,82,3542722995,true
4,2024-11-28 14:12:22.356,MCSLab RTT AP1,24:29:34:e2:4c:36,-58,1147,909,3542722995,true
4,2024-11-28 14:12:22.356,MCSLab RTT AP2,24:29:34:e1:ef:d4,-69,8413,889,3542722995,true
4,2024-11-28 14:12:22.356,MCSLab RTT AP3,e4:5e:1b:a0:5e:85,-61,14028,82,3542722995,true
4,2024-11-28 14:12:22.356,MCSLab RTT AP1,24:29:34:e2:4c:36,-58,1147,909,3542722995,true
4,2024-11-28 14:12:22.356,MCSLab RTT AP3,b0:e4:d5:88:16:86,-58,902,1600,3542722995,true
4,2024-11-28 14:12:22.514,MCSLab RTT AP2,24:29:34:e1:ef:d4,-69,7007,1430,3542723144,true
4,2024-11-28 14:12:22.514,MCSLab RTT AP2,24:29:34:e1:ef:d4,-69,7007,1430,3542723144,true
4,2024-11-28 14:12:22.514,MCSLab RTT AP3,e4:5e:1b:a0:5e:85,-62,8286,1704,3542723144,true
4,2024-11-28 14:12:22.514,MCSLab RTT AP2,24:29:34:e1:ef:d4,-69,7007,1430,3542723144,true
4,2024-11-28 14:12:22.514,MCSLab RTT AP3,e4:5e:1b:a0:5e:85,-62,8286,1704,3542723144,true
4,2024-11-28 14:12:22.514,MCSLab RTT AP1,24:29:34:e2:4c:36,-57,1225,853,3542723144,true
4,2024-11-28 14:12:22.514,MCSLab RTT AP2,24:29:34:e1:ef:d4,-69,7007,1430,3542723144,true
4,2024-11-28 14:12:22.514,MCSLab RTT AP3,e4:5e:1b:a0:5e:85,-62,8286,1704,3542723144,true
4,2024-11-28 14:12:22.514,MCSLab RTT AP1,24:29:34:e2:4c:36,-57,1225,853,3542723144,true
4,2024-11-28 14:12:22.514,MCSLab RTT AP3,b0:e4:d5:88:16:86,-59,1839,1228,3542723144,true
4,2024-11-28 14:12:22.675,MCSLab RTT AP2,24:29:34:e1:ef:d4,-70,9194,328,3542723315,true
4,2024-11-28 14:12:22.675,MCSLab RTT AP2,24:29:34:e1:ef:d4,-70,9194,328,3542723315,true
4,2024-11-28 14:12:22.675,MCSLab RTT AP3,e4:5e:1b:a0:5e:85,-61,13969,115,3542723315,true
4,2024-11-28 14:12:22.675,MCSLab RTT AP2,24:29:34:e1:ef:d4,-70,9194,328,3542723315,true
4,2024-11-28 14:12:22.675,MCSLab RTT AP3,e4:5e:1b:a0:5e:85,-61,13969,115,3542723315,true
4,2024-11-28 14:12:22.675,MCSLab RTT AP1,24:29:34:e2:4c:36,-55,752,1138,3542723315,true
4,2024-11-28 14:12:22.675,MCSLab RTT AP2,24:29:34:e1:ef:d4,-70,9194,328,3542723315,true
4,2024-11-28 14:12:22.675,MCSLab RTT AP3,e4:5e:1b:a0:5e:85,-61,13969,115,3542723315,true
4,2024-11-28 14:12:22.675,MCSLab RTT AP1,24:29:34:e2:4c:36,-55,752,1138,3542723315,true
4,2024-11-28 14:12:22.675,MCSLab RTT AP3,b0:e4:d5:88:16:86,-60,1487,1227,3542723315,true
4,2024-11-28 14:12:22.773,MCSLab RTT AP2,24:29:34:e1:ef:d4,-70,7866,1040,3542723413,true
4,2024-11-28 14:12:22.773,MCSLab RTT AP2,24:29:34:e1:ef:d4,-70,7866,1040,3542723413,true
4,2024-11-28 14:12:22.773,MCSLab RTT AP3,e4:5e:1b:a0:5e:85,-61,13823,211,3542723413,true
4,2024-11-28 14:12:22.773,MCSLab RTT AP2,24:29:34:e1:ef:d4,-70,7866,1040,3542723413,true
4,2024-11-28 14:12:22.773,MCSLab RTT AP3,e4:5e:1b:a0:5e:85,-61,13823,211,3542723413,true
4,2024-11-28 14:12:22.773,MCSLab RTT AP1,24:29:34:e2:4c:36,-57,717,1147,3542723413,true
4,2024-11-28 14:12:22.773,MCSLab RTT AP2,24:29:34:e1:ef:d4,-70,7866,1040,3542723413,true
4,2024-11-28 14:12:22.773,MCSLab RTT AP3,e4:5e:1b:a0:5e:85,-61,13823,211,3542723413,true
4,2024-11-28 14:12:22.773,MCSLab RTT AP1,24:29:34:e2:4c:36,-57,717,1147,3542723413,true
4,2024-11-28 14:12:22.773,MCSLab RTT AP3,b0:e4:d5:88:16:86,-60,1644,1103,3542723413,true
4,2024-11-28 14:12:22.898,MCSLab RTT AP2,24:29:34:e1:ef:d4,-70,9233,359,3542723535,true
4,2024-11-28 14:12:22.898,MCSLab RTT AP2,24:29:34:e1:ef:d4,-70,9233,359,3542723535,true
4,2024-11-28 14:12:22.898,MCSLab RTT AP3,e4:5e:1b:a0:5e:85,-61,13999,199,3542723535,true
4,2024-11-28 14:12:22.898,MCSLab RTT AP2,24:29:34:e1:ef:d4,-70,9233,359,3542723535,true
4,2024-11-28 14:12:22.898,MCSLab RTT AP3,e4:5e:1b:a0:5e:85,-61,13999,199,3542723535,true
4,2024-11-28 14:12:22.898,MCSLab RTT AP1,24:29:34:e2:4c:36,-59,1264,767,3542723535,true
4,2024-11-28 14:12:22.898,MCSLab RTT AP2,24:29:34:e1:ef:d4,-70,9233,359,3542723535,true
4,2024-11-28 14:12:22.898,MCSLab RTT AP3,e4:5e:1b:a0:5e:85,-61,13999,199,3542723535,true
4,2024-11-28 14:12:22.898,MCSLab RTT AP1,24:29:34:e2:4c:36,-59,1264,767,3542723535,true
4,2024-11-28 14:12:22.898,MCSLab RTT AP3,b0:e4:d5:88:16:86,-59,1409,1566,3542723535,true
4,2024-11-28 14:12:23.046,MCSLab RTT AP2,24:29:34:e1:ef:d4,-69,8530,846,3542723684,true
4,2024-11-28 14:12:23.046,MCSLab RTT AP2,24:29:34:e1:ef:d4,-69,8530,846,3542723684,true
4,2024-11-28 14:12:23.046,MCSLab RTT AP3,e4:5e:1b:a0:5e:85,-61,8286,2334,3542723684,true
4,2024-11-28 14:12:23.046,MCSLab RTT AP2,24:29:34:e1:ef:d4,-69,8530,846,3542723684,true
4,2024-11-28 14:12:23.046,MCSLab RTT AP3,e4:5e:1b:a0:5e:85,-61,8286,2334,3542723684,true
4,2024-11-28 14:12:23.046,MCSLab RTT AP1,24:29:34:e2:4c:36,-58,874,957,3542723684,true
4,2024-11-28 14:12:23.046,MCSLab RTT AP2,24:29:34:e1:ef:d4,-69,8530,846,3542723684,true
4,2024-11-28 14:12:23.046,MCSLab RTT AP3,e4:5e:1b:a0:5e:85,-61,8286,2334,3542723684,true
4,2024-11-28 14:12:23.046,MCSLab RTT AP1,24:29:34:e2:4c:36,-58,874,957,3542723684,true
4,2024-11-28 14:12:23.046,MCSLab RTT AP3,b0:e4:d5:88:16:86,-54,1342,1132,3542723684,true
4,2024-11-28 14:12:23.180,MCSLab RTT AP2,24:29:34:e1:ef:d4,-70,9077,349,3542723817,true
4,2024-11-28 14:12:23.180,MCSLab RTT AP2,24:29:34:e1:ef:d4,-70,9077,349,3542723817,true
4,2024-11-28 14:12:23.180,MCSLab RTT AP3,e4:5e:1b:a0:5e:85,-61,13940,68,3542723817,true
4,2024-11-28 14:12:23.180,MCSLab RTT AP2,24:29:34:e1:ef:d4,-70,9077,349,3542723817,true
4,2024-11-28 14:12:23.180,MCSLab RTT AP3,e4:5e:1b:a0:5e:85,-61,13940,68,3542723817,true
4,2024-11-28 14:12:23.180,MCSLab RTT AP1,24:29:34:e2:4c:36,-60,757,1044,3542723817,true
4,2024-11-28 14:12:23.180,MCSLab RTT AP2,24:29:34:e1:ef:d4,-70,9077,349,3542723817,true
4,2024-11-28 14:12:23.180,MCSLab RTT AP3,e4:5e:1b:a0:5e:85,-61,13940,68,3542723817,true
4,2024-11-28 14:12:23.180,MCSLab RTT AP1,24:29:34:e2:4c:36,-60,757,1044,3542723817,true
4,2024-11-28 14:12:23.180,MCSLab RTT AP3,b0:e4:d5:88:16:86,-59,1722,622,3542723817,true
4,2024-11-28 14:12:23.295,MCSLab RTT AP2,24:29:34:e1:ef:d4,-70,8530,831,3542723932,true
4,2024-11-28 14:12:23.295,MCSLab RTT AP2,24:29:34:e1:ef:d4,-70,8530,831,3542723932,true
4,2024-11-28 14:12:23.295,MCSLab RTT AP3,e4:5e:1b:a0:5e:85,-61,8481,2547,3542723932,true
4,2024-11-28 14:12:23.295,MCSLab RTT AP2,24:29:34:e1:ef:d4,-70,8530,831,3542723932,true
4,2024-11-28 14:12:23.295,MCSLab RTT AP3,e4:5e:1b:a0:5e:85,-61,8481,2547,3542723932,true
4,2024-11-28 14:12:23.295,MCSLab RTT AP1,24:29:34:e2:4c:36,-59,1186,791,3542723932,true
4,2024-11-28 14:12:23.295,MCSLab RTT AP2,24:29:34:e1:ef:d4,-70,8530,831,3542723932,true
4,2024-11-28 14:12:23.295,MCSLab RTT AP3,e4:5e:1b:a0:5e:85,-61,8481,2547,3542723932,true
4,2024-11-28 14:12:23.295,MCSLab RTT AP1,24:29:34:e2:4c:36,-59,1186,791,3542723932,true
4,2024-11-28 14:12:23.295,MCSLab RTT AP3,b0:e4:d5:88:16:86,-59,1605,1063,3542723932,true
4,2024-11-28 14:12:23.431,MCSLab RTT AP2,24:29:34:e1:ef:d4,-70,8647,681,3542724068,true
4,2024-11-28 14:12:23.431,MCSLab RTT AP2,24:29:34:e1:ef:d4,-70,8647,681,3542724068,true
4,2024-11-28 14:12:23.431,MCSLab RTT AP3,e4:5e:1b:a0:5e:85,-61,13940,102,3542724067,true
4,2024-11-28 14:12:23.431,MCSLab RTT AP2,24:29:34:e1:ef:d4,-70,8647,681,3542724068,true
4,2024-11-28 14:12:23.431,MCSLab RTT AP3,e4:5e:1b:a0:5e:85,-61,13940,102,3542724067,true
4,2024-11-28 14:12:23.431,MCSLab RTT AP1,24:29:34:e2:4c:36,-59,1030,981,3542724067,true
4,2024-11-28 14:12:23.431,MCSLab RTT AP2,24:29:34:e1:ef:d4,-70,8647,681,3542724068,true
4,2024-11-28 14:12:23.431,MCSLab RTT AP3,e4:5e:1b:a0:5e:85,-61,13940,102,3542724067,true
4,2024-11-28 14:12:23.431,MCSLab RTT AP1,24:29:34:e2:4c:36,-59,1030,981,3542724067,true
4,2024-11-28 14:12:23.431,MCSLab RTT AP3,b0:e4:d5:88:16:86,-60,4046,264,3542724067,true
4,2024-11-28 14:12:23.620,MCSLab RTT AP2,24:29:34:e1:ef:d4,-70,8725,741,3542724246,true
4,2024-11-28 14:12:23.620,MCSLab RTT AP2,24:29:34:e1:ef:d4,-70,8725,741,3542724246,true
4,2024-11-28 14:12:23.620,MCSLab RTT AP3,e4:5e:1b:a0:5e:85,-61,13969,142,3542724246,true
4,2024-11-28 14:12:23.620,MCSLab RTT AP2,24:29:34:e1:ef:d4,-70,8725,741,3542724246,true
4,2024-11-28 14:12:23.620,MCSLab RTT AP3,e4:5e:1b:a0:5e:85,-61,13969,142,3542724246,true
4,2024-11-28 14:12:23.620,MCSLab RTT AP1,24:29:34:e2:4c:36,-58,3120,217,3542724246,true
4,2024-11-28 14:12:23.620,MCSLab RTT AP2,24:29:34:e1:ef:d4,-70,8725,741,3542724246,true
4,2024-11-28 14:12:23.620,MCSLab RTT AP3,e4:5e:1b:a0:5e:85,-61,13969,142,3542724246,true
4,2024-11-28 14:12:23.620,MCSLab RTT AP1,24:29:34:e2:4c:36,-58,3120,217,3542724246,true
4,2024-11-28 14:12:23.620,MCSLab RTT AP3,b0:e4:d5:88:16:86,-60,1292,1333,3542724246,true
4,2024-11-28 14:12:23.745,MCSLab RTT AP2,24:29:34:e1:ef:d4,-71,8452,666,3542724378,true
4,2024-11-28 14:12:23.745,MCSLab RTT AP2,24:29:34:e1:ef:d4,-71,8452,666,3542724378,true
4,2024-11-28 14:12:23.745,MCSLab RTT AP3,e4:5e:1b:a0:5e:85,-61,8286,2403,3542724378,true
4,2024-11-28 14:12:23.745,MCSLab RTT AP2,24:29:34:e1:ef:d4,-71,8452,666,3542724378,true
4,2024-11-28 14:12:23.745,MCSLab RTT AP3,e4:5e:1b:a0:5e:85,-61,8286,2403,3542724378,true
4,2024-11-28 14:12:23.745,MCSLab RTT AP1,24:29:34:e2:4c:36,-58,2885,299,3542724378,true
4,2024-11-28 14:12:23.745,MCSLab RTT AP2,24:29:34:e1:ef:d4,-71,8452,666,3542724378,true
4,2024-11-28 14:12:23.745,MCSLab RTT AP3,e4:5e:1b:a0:5e:85,-61,8286,2403,3542724378,true
4,2024-11-28 14:12:23.745,MCSLab RTT AP1,24:29:34:e2:4c:36,-58,2885,299,3542724378,true
4,2024-11-28 14:12:23.745,MCSLab RTT AP3,b0:e4:d5:88:16:86,-60,3929,294,3542724378,true
4,2024-11-28 14:12:23.871,MCSLab RTT AP2,24:29:34:e1:ef:d4,-69,7280,1284,3542724506,true
4,2024-11-28 14:12:23.871,MCSLab RTT AP2,24:29:34:e1:ef:d4,-69,7280,1284,3542724506,true
4,2024-11-28 14:12:23.871,MCSLab RTT AP3,e4:5e:1b:a0:5e:85,-62,8286,2740,3542724506,true
4,2024-11-28 14:12:23.871,MCSLab RTT AP2,24:29:34:e1:ef:d4,-69,7280,1284,3542724506,true
4,2024-11-28 14:12:23.871,MCSLab RTT AP3,e4:5e:1b:a0:5e:85,-62,8286,2740,3542724506,true
4,2024-11-28 14:12:23.871,MCSLab RTT AP1,24:29:34:e2:4c:36,-61,1147,789,3542724506,true
4,2024-11-28 14:12:23.871,MCSLab RTT AP2,24:29:34:e1:ef:d4,-69,7280,1284,3542724506,true
4,2024-11-28 14:12:23.871,MCSLab RTT AP3,e4:5e:1b:a0:5e:85,-62,8286,2740,3542724506,true
4,2024-11-28 14:12:23.871,MCSLab RTT AP1,24:29:34:e2:4c:36,-61,1147,789,3542724506,true
4,2024-11-28 14:12:23.871,MCSLab RTT AP3,b0:e4:d5:88:16:86,-58,4017,187,3542724506,true
4,2024-11-28 14:12:24.005,MCSLab RTT AP2,24:29:34:e1:ef:d4,-70,6928,1375,3542724642,true
4,2024-11-28 14:12:24.005,MCSLab RTT AP2,24:29:34:e1:ef:d4,-70,6928,1375,3542724642,true
4,2024-11-28 14:12:24.005,MCSLab RTT AP3,e4:5e:1b:a0:5e:85,-61,14057,75,3542724642,true
4,2024-11-28 14:12:24.005,MCSLab RTT AP2,24:29:34:e1:ef:d4,-70,6928,1375,3542724642,true
4,2024-11-28 14:12:24.005,MCSLab RTT AP3,e4:5e:1b:a0:5e:85,-61,14057,75,3542724642,true
4,2024-11-28 14:12:24.005,MCSLab RTT AP1,24:29:34:e2:4c:36,-59,991,888,3542724642,true
4,2024-11-28 14:12:24.005,MCSLab RTT AP2,24:29:34:e1:ef:d4,-70,6928,1375,3542724642,true
4,2024-11-28 14:12:24.005,MCSLab RTT AP3,e4:5e:1b:a0:5e:85,-61,14057,75,3542724642,true
4,2024-11-28 14:12:24.005,MCSLab RTT AP1,24:29:34:e2:4c:36,-59,991,888,3542724642,true
4,2024-11-28 14:12:24.005,MCSLab RTT AP3,b0:e4:d5:88:16:86,-61,1097,1511,3542724642,true
4,2024-11-28 14:12:24.141,MCSLab RTT AP2,24:29:34:e1:ef:d4,-70,8647,777,3542724777,true
4,2024-11-28 14:12:24.141,MCSLab RTT AP2,24:29:34:e1:ef:d4,-70,8647,777,3542724777,true
4,2024-11-28 14:12:24.141,MCSLab RTT AP3,e4:5e:1b:a0:5e:85,-61,8520,2160,3542724776,true
4,2024-11-28 14:12:24.141,MCSLab RTT AP2,24:29:34:e1:ef:d4,-70,8647,777,3542724777,true
4,2024-11-28 14:12:24.141,MCSLab RTT AP3,e4:5e:1b:a0:5e:85,-61,8520,2160,3542724776,true
4,2024-11-28 14:12:24.141,MCSLab RTT AP1,24:29:34:e2:4c:36,-60,1186,816,3542724777,true
4,2024-11-28 14:12:24.141,MCSLab RTT AP2,24:29:34:e1:ef:d4,-70,8647,777,3542724777,true
4,2024-11-28 14:12:24.141,MCSLab RTT AP3,e4:5e:1b:a0:5e:85,-61,8520,2160,3542724776,true
4,2024-11-28 14:12:24.141,MCSLab RTT AP1,24:29:34:e2:4c:36,-60,1186,816,3542724777,true
4,2024-11-28 14:12:24.141,MCSLab RTT AP3,b0:e4:d5:88:16:86,-59,1331,1447,3542724776,true
4,2024-11-28 14:12:24.343,MCSLab RTT AP2,24:29:34:e1:ef:d4,-70,7124,1221,3542724968,true
4,2024-11-28 14:12:24.343,MCSLab RTT AP2,24:29:34:e1:ef:d4,-70,7124,1221,3542724968,true
4,2024-11-28 14:12:24.343,MCSLab RTT AP3,e4:5e:1b:a0:5e:85,-61,14057,139,3542724968,true
4,2024-11-28 14:12:24.343,MCSLab RTT AP2,24:29:34:e1:ef:d4,-70,7124,1221,3542724968,true
4,2024-11-28 14:12:24.343,MCSLab RTT AP3,e4:5e:1b:a0:5e:85,-61,14057,139,3542724968,true
4,2024-11-28 14:12:24.343,MCSLab RTT AP1,24:29:34:e2:4c:36,-54,1577,680,3542724968,true
4,2024-11-28 14:12:24.343,MCSLab RTT AP2,24:29:34:e1:ef:d4,-70,7124,1221,3542724968,true
4,2024-11-28 14:12:24.343,MCSLab RTT AP3,e4:5e:1b:a0:5e:85,-61,14057,139,3542724968,true
4,2024-11-28 14:12:24.343,MCSLab RTT AP1,24:29:34:e2:4c:36,-54,1577,680,3542724968,true
4,2024-11-28 14:12:24.343,MCSLab RTT AP3,b0:e4:d5:88:16:86,-60,1331,1997,3542724968,true
4,2024-11-28 14:12:24.482,MCSLab RTT AP2,24:29:34:e1:ef:d4,-70,7944,1074,3542725118,true
4,2024-11-28 14:12:24.482,MCSLab RTT AP2,24:29:34:e1:ef:d4,-70,7944,1074,3542725118,true
4,2024-11-28 14:12:24.482,MCSLab RTT AP3,e4:5e:1b:a0:5e:85,-62,13911,117,3542725118,true
4,2024-11-28 14:12:24.482,MCSLab RTT AP2,24:29:34:e1:ef:d4,-70,7944,1074,3542725118,true
4,2024-11-28 14:12:24.482,MCSLab RTT AP3,e4:5e:1b:a0:5e:85,-62,13911,117,3542725118,true
4,2024-11-28 14:12:24.482,MCSLab RTT AP1,24:29:34:e2:4c:36,-58,1225,765,3542725118,true
4,2024-11-28 14:12:24.482,MCSLab RTT AP2,24:29:34:e1:ef:d4,-70,7944,1074,3542725118,true
4,2024-11-28 14:12:24.482,MCSLab RTT AP3,e4:5e:1b:a0:5e:85,-62,13911,117,3542725118,true
4,2024-11-28 14:12:24.482,MCSLab RTT AP1,24:29:34:e2:4c:36,-58,1225,765,3542725118,true
4,2024-11-28 14:12:24.482,MCSLab RTT AP3,b0:e4:d5:88:16:86,-60,1800,1166,3542725117,true
4,2024-11-28 14:12:24.582,MCSLab RTT AP2,24:29:34:e1:ef:d4,-70,7866,1127,3542725216,true
4,2024-11-28 14:12:24.582,MCSLab RTT AP2,24:29:34:e1:ef:d4,-70,7866,1127,3542725216,true
4,2024-11-28 14:12:24.582,MCSLab RTT AP3,e4:5e:1b:a0:5e:85,-62,14087,111,3542725216,true
4,2024-11-28 14:12:24.582,MCSLab RTT AP2,24:29:34:e1:ef:d4,-70,7866,1127,3542725216,true
4,2024-11-28 14:12:24.582,MCSLab RTT AP3,e4:5e:1b:a0:5e:85,-62,14087,111,3542725216,true
4,2024-11-28 14:12:24.582,MCSLab RTT AP1,24:29:34:e2:4c:36,-53,869,1073,3542725216,true
4,2024-11-28 14:12:24.582,MCSLab RTT AP2,24:29:34:e1:ef:d4,-70,7866,1127,3542725216,true
4,2024-11-28 14:12:24.582,MCSLab RTT AP3,e4:5e:1b:a0:5e:85,-62,14087,111,3542725216,true
4,2024-11-28 14:12:24.582,MCSLab RTT AP1,24:29:34:e2:4c:36,-53,869,1073,3542725216,true
4,2024-11-28 14:12:24.582,MCSLab RTT AP3,b0:e4:d5:88:16:86,-55,1136,1545,3542725216,true
4,2024-11-28 14:12:24.673,MCSLab RTT AP2,24:29:34:e1:ef:d4,-70,8491,779,3542725313,true
4,2024-11-28 14:12:24.673,MCSLab RTT AP2,24:29:34:e1:ef:d4,-70,8491,779,3542725313,true
4,2024-11-28 14:12:24.673,MCSLab RTT AP3,e4:5e:1b:a0:5e:85,-62,14087,115,3542725313,true
4,2024-11-28 14:12:24.673,MCSLab RTT AP2,24:29:34:e1:ef:d4,-70,8491,779,3542725313,true
4,2024-11-28 14:12:24.673,MCSLab RTT AP3,e4:5e:1b:a0:5e:85,-62,14087,115,3542725313,true
4,2024-11-28 14:12:24.673,MCSLab RTT AP1,24:29:34:e2:4c:36,-58,991,939,3542725313,true
4,2024-11-28 14:12:24.673,MCSLab RTT AP2,24:29:34:e1:ef:d4,-70,8491,779,3542725313,true
4,2024-11-28 14:12:24.673,MCSLab RTT AP3,e4:5e:1b:a0:5e:85,-62,14087,115,3542725313,true
4,2024-11-28 14:12:24.673,MCSLab RTT AP1,24:29:34:e2:4c:36,-58,991,939,3542725313,true
4,2024-11-28 14:12:24.673,MCSLab RTT AP3,b0:e4:d5:88:16:86,-59,1097,1521,3542725313,true
4,2024-11-28 14:12:24.778,MCSLab RTT AP2,24:29:34:e1:ef:d4,-70,8022,1035,3542725418,true
4,2024-11-28 14:12:24.778,MCSLab RTT AP2,24:29:34:e1:ef:d4,-70,8022,1035,3542725418,true
4,2024-11-28 14:12:24.778,MCSLab RTT AP3,e4:5e:1b:a0:5e:85,-62,13969,115,3542725418,true
4,2024-11-28 14:12:24.778,MCSLab RTT AP2,24:29:34:e1:ef:d4,-70,8022,1035,3542725418,true
4,2024-11-28 14:12:24.778,MCSLab RTT AP3,e4:5e:1b:a0:5e:85,-62,13969,115,3542725418,true
4,2024-11-28 14:12:24.778,MCSLab RTT AP1,24:29:34:e2:4c:36,-58,1069,878,3542725418,true
4,2024-11-28 14:12:24.778,MCSLab RTT AP2,24:29:34:e1:ef:d4,-70,8022,1035,3542725418,true
4,2024-11-28 14:12:24.778,MCSLab RTT AP3,e4:5e:1b:a0:5e:85,-62,13969,115,3542725418,true
4,2024-11-28 14:12:24.778,MCSLab RTT AP1,24:29:34:e2:4c:36,-58,1069,878,3542725418,true
4,2024-11-28 14:12:24.778,MCSLab RTT AP3,b0:e4:d5:88:16:86,-60,1058,1376,3542725418,true
4,2024-11-28 14:12:24.882,MCSLab RTT AP2,24:29:34:e1:ef:d4,-70,7280,1277,3542725521,true
4,2024-11-28 14:12:24.882,MCSLab RTT AP2,24:29:34:e1:ef:d4,-70,7280,1277,3542725521,true
4,2024-11-28 14:12:24.882,MCSLab RTT AP3,e4:5e:1b:a0:5e:85,-62,8247,2519,3542725521,true
4,2024-11-28 14:12:24.882,MCSLab RTT AP2,24:29:34:e1:ef:d4,-70,7280,1277,3542725521,true
4,2024-11-28 14:12:24.882,MCSLab RTT AP3,e4:5e:1b:a0:5e:85,-62,8247,2519,3542725521,true
4,2024-11-28 14:12:24.882,MCSLab RTT AP1,24:29:34:e2:4c:36,-57,1069,951,3542725521,true
4,2024-11-28 14:12:24.882,MCSLab RTT AP2,24:29:34:e1:ef:d4,-70,7280,1277,3542725521,true
4,2024-11-28 14:12:24.882,MCSLab RTT AP3,e4:5e:1b:a0:5e:85,-62,8247,2519,3542725521,true
4,2024-11-28 14:12:24.882,MCSLab RTT AP1,24:29:34:e2:4c:36,-57,1069,951,3542725521,true
4,2024-11-28 14:12:24.882,MCSLab RTT AP3,b0:e4:d5:88:16:86,-57,941,1207,3542725521,true
4,2024-11-28 14:12:24.996,MCSLab RTT AP2,24:29:34:e1:ef:d4,-70,8491,883,3542725632,true
4,2024-11-28 14:12:24.996,MCSLab RTT AP2,24:29:34:e1:ef:d4,-70,8491,883,3542725632,true
4,2024-11-28 14:12:24.996,MCSLab RTT AP3,e4:5e:1b:a0:5e:85,-61,8364,2631,3542725632,true
4,2024-11-28 14:12:24.996,MCSLab RTT AP2,24:29:34:e1:ef:d4,-70,8491,883,3542725632,true
4,2024-11-28 14:12:24.996,MCSLab RTT AP3,e4:5e:1b:a0:5e:85,-61,8364,2631,3542725632,true
4,2024-11-28 14:12:24.996,MCSLab RTT AP1,24:29:34:e2:4c:36,-59,1147,839,3542725632,true
4,2024-11-28 14:12:24.996,MCSLab RTT AP2,24:29:34:e1:ef:d4,-70,8491,883,3542725632,true
4,2024-11-28 14:12:24.996,MCSLab RTT AP3,e4:5e:1b:a0:5e:85,-61,8364,2631,3542725632,true
4,2024-11-28 14:12:24.996,MCSLab RTT AP1,24:29:34:e2:4c:36,-59,1147,839,3542725632,true
4,2024-11-28 14:12:24.996,MCSLab RTT AP3,b0:e4:d5:88:16:86,-56,1218,1185,3542725632,true
4,2024-11-28 14:12:25.148,MCSLab RTT AP2,24:29:34:e1:ef:d4,-70,7007,1355,3542725785,true
4,2024-11-28 14:12:25.148,MCSLab RTT AP2,24:29:34:e1:ef:d4,-70,7007,1355,3542725785,true
4,2024-11-28 14:12:25.148,MCSLab RTT AP3,e4:5e:1b:a0:5e:85,-61,13940,68,3542725785,true
4,2024-11-28 14:12:25.148,MCSLab RTT AP2,24:29:34:e1:ef:d4,-70,7007,1355,3542725785,true
4,2024-11-28 14:12:25.148,MCSLab RTT AP3,e4:5e:1b:a0:5e:85,-61,13940,68,3542725785,true
4,2024-11-28 14:12:25.148,MCSLab RTT AP1,24:29:34:e2:4c:36,-53,1030,1002,3542725785,true
4,2024-11-28 14:12:25.148,MCSLab RTT AP2,24:29:34:e1:ef:d4,-70,7007,1355,3542725785,true
4,2024-11-28 14:12:25.148,MCSLab RTT AP3,e4:5e:1b:a0:5e:85,-61,13940,68,3542725785,true
4,2024-11-28 14:12:25.148,MCSLab RTT AP1,24:29:34:e2:4c:36,-53,1030,1002,3542725785,true
4,2024-11-28 14:12:25.148,MCSLab RTT AP3,b0:e4:d5:88:16:86,-54,1409,1686,3542725785,true
4,2024-11-28 14:12:25.297,MCSLab RTT AP2,24:29:34:e1:ef:d4,-70,7202,1204,3542725934,true
4,2024-11-28 14:12:25.297,MCSLab RTT AP2,24:29:34:e1:ef:d4,-70,7202,1204,3542725934,true
4,2024-11-28 14:12:25.297,MCSLab RTT AP3,e4:5e:1b:a0:5e:85,-59,8767,1905,3542725934,true
4,2024-11-28 14:12:25.297,MCSLab RTT AP2,24:29:34:e1:ef:d4,-70,7202,1204,3542725934,true
4,2024-11-28 14:12:25.297,MCSLab RTT AP3,e4:5e:1b:a0:5e:85,-59,8767,1905,3542725934,true
4,2024-11-28 14:12:25.297,MCSLab RTT AP1,24:29:34:e2:4c:36,-59,1538,628,3542725934,true
4,2024-11-28 14:12:25.297,MCSLab RTT AP2,24:29:34:e1:ef:d4,-70,7202,1204,3542725934,true
4,2024-11-28 14:12:25.297,MCSLab RTT AP3,e4:5e:1b:a0:5e:85,-59,8767,1905,3542725934,true
4,2024-11-28 14:12:25.297,MCSLab RTT AP1,24:29:34:e2:4c:36,-59,1538,628,3542725934,true
4,2024-11-28 14:12:25.297,MCSLab RTT AP3,b0:e4:d5:88:16:86,-60,1409,1613,3542725934,true
4,2024-11-28 14:12:25.491,MCSLab RTT AP2,24:29:34:e1:ef:d4,-70,7202,1263,3542726132,true
4,2024-11-28 14:12:25.491,MCSLab RTT AP2,24:29:34:e1:ef:d4,-70,7202,1263,3542726132,true
4,2024-11-28 14:12:25.491,MCSLab RTT AP3,e4:5e:1b:a0:5e:85,-59,8728,2252,3542726132,true
4,2024-11-28 14:12:25.491,MCSLab RTT AP2,24:29:34:e1:ef:d4,-70,7202,1263,3542726132,true
4,2024-11-28 14:12:25.491,MCSLab RTT AP3,e4:5e:1b:a0:5e:85,-59,8728,2252,3542726132,true
4,2024-11-28 14:12:25.491,MCSLab RTT AP1,24:29:34:e2:4c:36,-59,2827,662,3542726132,true
4,2024-11-28 14:12:25.491,MCSLab RTT AP2,24:29:34:e1:ef:d4,-70,7202,1263,3542726132,true
4,2024-11-28 14:12:25.491,MCSLab RTT AP3,e4:5e:1b:a0:5e:85,-59,8728,2252,3542726132,true
4,2024-11-28 14:12:25.491,MCSLab RTT AP1,24:29:34:e2:4c:36,-59,2827,662,3542726132,true
4,2024-11-28 14:12:25.491,MCSLab RTT AP3,b0:e4:d5:88:16:86,-60,1409,1437,3542726132,true
4,2024-11-28 14:12:25.593,MCSLab RTT AP2,24:29:34:e1:ef:d4,-70,8491,837,3542726234,true
4,2024-11-28 14:12:25.593,MCSLab RTT AP2,24:29:34:e1:ef:d4,-70,8491,837,3542726234,true
4,2024-11-28 14:12:25.593,MCSLab RTT AP3,e4:5e:1b:a0:5e:85,-61,8481,2479,3542726234,true
4,2024-11-28 14:12:25.593,MCSLab RTT AP2,24:29:34:e1:ef:d4,-70,8491,837,3542726234,true
4,2024-11-28 14:12:25.593,MCSLab RTT AP3,e4:5e:1b:a0:5e:85,-61,8481,2479,3542726234,true
4,2024-11-28 14:12:25.593,MCSLab RTT AP1,24:29:34:e2:4c:36,-58,2915,800,3542726234,true
4,2024-11-28 14:12:25.593,MCSLab RTT AP2,24:29:34:e1:ef:d4,-70,8491,837,3542726234,true
4,2024-11-28 14:12:25.593,MCSLab RTT AP3,e4:5e:1b:a0:5e:85,-61,8481,2479,3542726234,true
4,2024-11-28 14:12:25.593,MCSLab RTT AP1,24:29:34:e2:4c:36,-58,2915,800,3542726234,true
4,2024-11-28 14:12:25.593,MCSLab RTT AP3,b0:e4:d5:88:16:86,-57,1488,1297,3542726234,true
4,2024-11-28 14:12:25.704,MCSLab RTT AP2,24:29:34:e1:ef:d4,-70,7710,1209,3542726337,true
4,2024-11-28 14:12:25.704,MCSLab RTT AP2,24:29:34:e1:ef:d4,-70,7710,1209,3542726337,true
4,2024-11-28 14:12:25.704,MCSLab RTT AP3,e4:5e:1b:a0:5e:85,-60,8403,2685,3542726337,true
4,2024-11-28 14:12:25.704,MCSLab RTT AP2,24:29:34:e1:ef:d4,-70,7710,1209,3542726337,true
4,2024-11-28 14:12:25.704,MCSLab RTT AP3,e4:5e:1b:a0:5e:85,-60,8403,2685,3542726337,true
4,2024-11-28 14:12:25.704,MCSLab RTT AP1,24:29:34:e2:4c:36,-58,2280,709,3542726337,true
4,2024-11-28 14:12:25.704,MCSLab RTT AP2,24:29:34:e1:ef:d4,-70,7710,1209,3542726337,true
4,2024-11-28 14:12:25.704,MCSLab RTT AP3,e4:5e:1b:a0:5e:85,-60,8403,2685,3542726337,true
4,2024-11-28 14:12:25.704,MCSLab RTT AP1,24:29:34:e2:4c:36,-58,2280,709,3542726337,true
4,2024-11-28 14:12:25.704,MCSLab RTT AP3,b0:e4:d5:88:16:86,-60,1253,1386,3542726337,true
4,2024-11-28 14:12:25.803,MCSLab RTT AP2,24:29:34:e1:ef:d4,-70,7163,1278,3542726442,true
4,2024-11-28 14:12:25.803,MCSLab RTT AP2,24:29:34:e1:ef:d4,-70,7163,1278,3542726442,true
4,2024-11-28 14:12:25.803,MCSLab RTT AP3,e4:5e:1b:a0:5e:85,-60,13911,82,3542726442,true
4,2024-11-28 14:12:25.803,MCSLab RTT AP2,24:29:34:e1:ef:d4,-70,7163,1278,3542726442,true
4,2024-11-28 14:12:25.803,MCSLab RTT AP3,e4:5e:1b:a0:5e:85,-60,13911,82,3542726442,true
4,2024-11-28 14:12:25.803,MCSLab RTT AP1,24:29:34:e2:4c:36,-59,2886,429,3542726442,true
4,2024-11-28 14:12:25.803,MCSLab RTT AP2,24:29:34:e1:ef:d4,-70,7163,1278,3542726442,true
4,2024-11-28 14:12:25.803,MCSLab RTT AP3,e4:5e:1b:a0:5e:85,-60,13911,82,3542726442,true
4,2024-11-28 14:12:25.803,MCSLab RTT AP1,24:29:34:e2:4c:36,-59,2886,429,3542726442,true
4,2024-11-28 14:12:25.803,MCSLab RTT AP3,b0:e4:d5:88:16:86,-60,1370,1297,3542726442,true
4,2024-11-28 14:12:25.902,MCSLab RTT AP2,24:29:34:e1:ef:d4,-70,7280,1220,3542726542,true
4,2024-11-28 14:12:25.902,MCSLab RTT AP2,24:29:34:e1:ef:d4,-70,7280,1220,3542726542,true
4,2024-11-28 14:12:25.902,MCSLab RTT AP3,e4:5e:1b:a0:5e:85,-61,13940,135,3542726542,true
4,2024-11-28 14:12:25.902,MCSLab RTT AP2,24:29:34:e1:ef:d4,-70,7280,1220,3542726542,true
4,2024-11-28 14:12:25.902,MCSLab RTT AP3,e4:5e:1b:a0:5e:85,-61,13940,135,3542726542,true
4,2024-11-28 14:12:25.902,MCSLab RTT AP1,24:29:34:e2:4c:36,-59,1460,734,3542726542,true
4,2024-11-28 14:12:25.902,MCSLab RTT AP2,24:29:34:e1:ef:d4,-70,7280,1220,3542726542,true
4,2024-11-28 14:12:25.902,MCSLab RTT AP3,e4:5e:1b:a0:5e:85,-61,13940,135,3542726542,true
4,2024-11-28 14:12:25.902,MCSLab RTT AP1,24:29:34:e2:4c:36,-59,1460,734,3542726542,true
4,2024-11-28 14:12:25.902,MCSLab RTT AP3,b0:e4:d5:88:16:86,-58,1566,1114,3542726542,true
4,2024-11-28 14:12:26.010,MCSLab RTT AP2,24:29:34:e1:ef:d4,-69,9155,242,3542726649,true
4,2024-11-28 14:12:26.010,MCSLab RTT AP2,24:29:34:e1:ef:d4,-69,9155,242,3542726649,true
4,2024-11-28 14:12:26.010,MCSLab RTT AP3,e4:5e:1b:a0:5e:85,-61,13970,58,3542726649,true
4,2024-11-28 14:12:26.010,MCSLab RTT AP2,24:29:34:e1:ef:d4,-69,9155,242,3542726649,true
4,2024-11-28 14:12:26.010,MCSLab RTT AP3,e4:5e:1b:a0:5e:85,-61,13970,58,3542726649,true
4,2024-11-28 14:12:26.010,MCSLab RTT AP1,24:29:34:e2:4c:36,-58,2905,690,3542726649,true
4,2024-11-28 14:12:26.010,MCSLab RTT AP2,24:29:34:e1:ef:d4,-69,9155,242,3542726649,true
4,2024-11-28 14:12:26.010,MCSLab RTT AP3,e4:5e:1b:a0:5e:85,-61,13970,58,3542726649,true
4,2024-11-28 14:12:26.010,MCSLab RTT AP1,24:29:34:e2:4c:36,-58,2905,690,3542726649,true
4,2024-11-28 14:12:26.010,MCSLab RTT AP3,b0:e4:d5:88:16:86,-61,1370,1295,3542726649,true
4,2024-11-28 14:12:26.105,MCSLab RTT AP2,24:29:34:e1:ef:d4,-69,7905,1101,3542726744,true
4,2024-11-28 14:12:26.105,MCSLab RTT AP2,24:29:34:e1:ef:d4,-69,7905,1101,3542726744,true
4,2024-11-28 14:12:26.105,MCSLab RTT AP3,e4:5e:1b:a0:5e:85,-61,13999,112,3542726744,true
4,2024-11-28 14:12:26.105,MCSLab RTT AP2,24:29:34:e1:ef:d4,-69,7905,1101,3542726744,true
4,2024-11-28 14:12:26.105,MCSLab RTT AP3,e4:5e:1b:a0:5e:85,-61,13999,112,3542726744,true
4,2024-11-28 14:12:26.105,MCSLab RTT AP1,24:29:34:e2:4c:36,-58,2124,830,3542726744,true
4,2024-11-28 14:12:26.105,MCSLab RTT AP2,24:29:34:e1:ef:d4,-69,7905,1101,3542726744,true
4,2024-11-28 14:12:26.105,MCSLab RTT AP3,e4:5e:1b:a0:5e:85,-61,13999,112,3542726744,true
4,2024-11-28 14:12:26.105,MCSLab RTT AP1,24:29:34:e2:4c:36,-58,2124,830,3542726744,true
4,2024-11-28 14:12:26.105,MCSLab RTT AP3,b0:e4:d5:88:16:86,-60,1370,1225,3542726744,true
4,2024-11-28 14:12:26.243,MCSLab RTT AP2,24:29:34:e1:ef:d4,-70,8608,761,3542726877,true
4,2024-11-28 14:12:26.243,MCSLab RTT AP2,24:29:34:e1:ef:d4,-70,8608,761,3542726877,true
4,2024-11-28 14:12:26.243,MCSLab RTT AP3,e4:5e:1b:a0:5e:85,-61,14057,112,3542726877,true
4,2024-11-28 14:12:26.243,MCSLab RTT AP2,24:29:34:e1:ef:d4,-70,8608,761,3542726877,true
4,2024-11-28 14:12:26.243,MCSLab RTT AP3,e4:5e:1b:a0:5e:85,-61,14057,112,3542726877,true
4,2024-11-28 14:12:26.243,MCSLab RTT AP1,24:29:34:e2:4c:36,-58,1772,583,3542726877,true
4,2024-11-28 14:12:26.243,MCSLab RTT AP2,24:29:34:e1:ef:d4,-70,8608,761,3542726877,true
4,2024-11-28 14:12:26.243,MCSLab RTT AP3,e4:5e:1b:a0:5e:85,-61,14057,112,3542726877,true
4,2024-11-28 14:12:26.243,MCSLab RTT AP1,24:29:34:e2:4c:36,-58,1772,583,3542726877,true
4,2024-11-28 14:12:26.243,MCSLab RTT AP3,b0:e4:d5:88:16:86,-60,1214,1418,3542726877,true
4,2024-11-28 14:12:26.440,MCSLab RTT AP2,24:29:34:e1:ef:d4,-70,7163,1293,3542727065,true
4,2024-11-28 14:12:26.440,MCSLab RTT AP2,24:29:34:e1:ef:d4,-70,7163,1293,3542727065,true
4,2024-11-28 14:12:26.440,MCSLab RTT AP3,e4:5e:1b:a0:5e:85,-61,8325,2643,3542727065,true
4,2024-11-28 14:12:26.440,MCSLab RTT AP2,24:29:34:e1:ef:d4,-70,7163,1293,3542727065,true
4,2024-11-28 14:12:26.440,MCSLab RTT AP3,e4:5e:1b:a0:5e:85,-61,8325,2643,3542727065,true
4,2024-11-28 14:12:26.440,MCSLab RTT AP1,24:29:34:e2:4c:36,-58,2358,745,3542727065,true
4,2024-11-28 14:12:26.440,MCSLab RTT AP2,24:29:34:e1:ef:d4,-70,7163,1293,3542727065,true
4,2024-11-28 14:12:26.440,MCSLab RTT AP3,e4:5e:1b:a0:5e:85,-61,8325,2643,3542727065,true
4,2024-11-28 14:12:26.440,MCSLab RTT AP1,24:29:34:e2:4c:36,-58,2358,745,3542727065,true
4,2024-11-28 14:12:26.440,MCSLab RTT AP3,b0:e4:d5:88:16:86,-56,1175,1520,3542727065,true
4,2024-11-28 14:12:26.580,MCSLab RTT AP2,24:29:34:e1:ef:d4,-70,7163,1299,3542727217,true
4,2024-11-28 14:12:26.580,MCSLab RTT AP2,24:29:34:e1:ef:d4,-70,7163,1299,3542727217,true
4,2024-11-28 14:12:26.580,MCSLab RTT AP3,e4:5e:1b:a0:5e:85,-61,13911,117,3542727217,true
4,2024-11-28 14:12:26.580,MCSLab RTT AP2,24:29:34:e1:ef:d4,-70,7163,1299,3542727217,true
4,2024-11-28 14:12:26.580,MCSLab RTT AP3,e4:5e:1b:a0:5e:85,-61,13911,117,3542727217,true
4,2024-11-28 14:12:26.580,MCSLab RTT AP1,24:29:34:e2:4c:36,-59,2915,620,3542727217,true
4,2024-11-28 14:12:26.580,MCSLab RTT AP2,24:29:34:e1:ef:d4,-70,7163,1299,3542727217,true
4,2024-11-28 14:12:26.580,MCSLab RTT AP3,e4:5e:1b:a0:5e:85,-61,13911,117,3542727217,true
4,2024-11-28 14:12:26.580,MCSLab RTT AP1,24:29:34:e2:4c:36,-59,2915,620,3542727217,true
4,2024-11-28 14:12:26.580,MCSLab RTT AP3,b0:e4:d5:88:16:86,-61,1214,1388,3542727217,true
4,2024-11-28 14:12:26.723,MCSLab RTT AP2,24:29:34:e1:ef:d4,-70,6889,1444,3542727358,true
4,2024-11-28 14:12:26.723,MCSLab RTT AP2,24:29:34:e1:ef:d4,-70,6889,1444,3542727358,true
4,2024-11-28 14:12:26.723,MCSLab RTT AP3,e4:5e:1b:a0:5e:85,-61,8403,2363,3542727358,true
4,2024-11-28 14:12:26.723,MCSLab RTT AP2,24:29:34:e1:ef:d4,-70,6889,1444,3542727358,true
4,2024-11-28 14:12:26.723,MCSLab RTT AP3,e4:5e:1b:a0:5e:85,-61,8403,2363,3542727358,true
4,2024-11-28 14:12:26.723,MCSLab RTT AP1,24:29:34:e2:4c:36,-60,2768,620,3542727358,true
4,2024-11-28 14:12:26.723,MCSLab RTT AP2,24:29:34:e1:ef:d4,-70,6889,1444,3542727358,true
4,2024-11-28 14:12:26.723,MCSLab RTT AP3,e4:5e:1b:a0:5e:85,-61,8403,2363,3542727358,true
4,2024-11-28 14:12:26.723,MCSLab RTT AP1,24:29:34:e2:4c:36,-60,2768,620,3542727358,true
4,2024-11-28 14:12:26.723,MCSLab RTT AP3,b0:e4:d5:88:16:86,-61,1253,1368,3542727358,true
4,2024-11-28 14:12:26.943,MCSLab RTT AP2,24:29:34:e1:ef:d4,-70,7007,1372,3542727575,true
4,2024-11-28 14:12:26.943,MCSLab RTT AP2,24:29:34:e1:ef:d4,-70,7007,1372,3542727575,true
4,2024-11-28 14:12:26.943,MCSLab RTT AP3,e4:5e:1b:a0:5e:85,-59,8344,137,3542727575,true
4,2024-11-28 14:12:26.943,MCSLab RTT AP2,24:29:34:e1:ef:d4,-70,7007,1372,3542727575,true
4,2024-11-28 14:12:26.943,MCSLab RTT AP3,e4:5e:1b:a0:5e:85,-59,8344,137,3542727575,true
4,2024-11-28 14:12:26.943,MCSLab RTT AP1,24:29:34:e2:4c:36,-60,1391,698,3542727575,true
4,2024-11-28 14:12:26.943,MCSLab RTT AP2,24:29:34:e1:ef:d4,-70,7007,1372,3542727575,true
4,2024-11-28 14:12:26.943,MCSLab RTT AP3,e4:5e:1b:a0:5e:85,-59,8344,137,3542727575,true
4,2024-11-28 14:12:26.943,MCSLab RTT AP1,24:29:34:e2:4c:36,-60,1391,698,3542727575,true
4,2024-11-28 14:12:26.943,MCSLab RTT AP3,b0:e4:d5:88:16:86,-60,1292,1366,3542727575,true
4,2024-11-28 14:12:27.083,MCSLab RTT AP2,24:29:34:e1:ef:d4,-70,7710,1243,3542727719,true
4,2024-11-28 14:12:27.083,MCSLab RTT AP2,24:29:34:e1:ef:d4,-70,7710,1243,3542727719,true
4,2024-11-28 14:12:27.083,MCSLab RTT AP3,e4:5e:1b:a0:5e:85,-61,8325,2462,3542727719,true
4,2024-11-28 14:12:27.083,MCSLab RTT AP2,24:29:34:e1:ef:d4,-70,7710,1243,3542727719,true
4,2024-11-28 14:12:27.083,MCSLab RTT AP3,e4:5e:1b:a0:5e:85,-61,8325,2462,3542727719,true
4,2024-11-28 14:12:27.083,MCSLab RTT AP1,24:29:34:e2:4c:36,-60,991,911,3542727719,true
4,2024-11-28 14:12:27.083,MCSLab RTT AP2,24:29:34:e1:ef:d4,-70,7710,1243,3542727719,true
4,2024-11-28 14:12:27.083,MCSLab RTT AP3,e4:5e:1b:a0:5e:85,-61,8325,2462,3542727719,true
4,2024-11-28 14:12:27.083,MCSLab RTT AP1,24:29:34:e2:4c:36,-60,991,911,3542727719,true
4,2024-11-28 14:12:27.083,MCSLab RTT AP3,b0:e4:d5:88:16:86,-55,873,1800,3542727719,true
4,2024-11-28 14:12:27.219,MCSLab RTT AP2,24:29:34:e1:ef:d4,-70,7280,1446,3542727856,true
4,2024-11-28 14:12:27.219,MCSLab RTT AP2,24:29:34:e1:ef:d4,-70,7280,1446,3542727856,true
4,2024-11-28 14:12:27.219,MCSLab RTT AP3,e4:5e:1b:a0:5e:85,-61,8286,2341,3542727855,true
4,2024-11-28 14:12:27.219,MCSLab RTT AP2,24:29:34:e1:ef:d4,-70,7280,1446,3542727856,true
4,2024-11-28 14:12:27.219,MCSLab RTT AP3,e4:5e:1b:a0:5e:85,-61,8286,2341,3542727855,true
4,2024-11-28 14:12:27.219,MCSLab RTT AP1,24:29:34:e2:4c:36,-60,1264,730,3542727855,true
4,2024-11-28 14:12:27.219,MCSLab RTT AP2,24:29:34:e1:ef:d4,-70,7280,1446,3542727856,true
4,2024-11-28 14:12:27.219,MCSLab RTT AP3,e4:5e:1b:a0:5e:85,-61,8286,2341,3542727855,true
4,2024-11-28 14:12:27.219,MCSLab RTT AP1,24:29:34:e2:4c:36,-60,1264,730,3542727855,true
4,2024-11-28 14:12:27.219,MCSLab RTT AP3,b0:e4:d5:88:16:86,-60,1683,1282,3542727855,true
4,2024-11-28 14:12:27.411,MCSLab RTT AP2,24:29:34:e1:ef:d4,-70,8491,807,3542728039,true
4,2024-11-28 14:12:27.411,MCSLab RTT AP2,24:29:34:e1:ef:d4,-70,8491,807,3542728039,true
4,2024-11-28 14:12:27.411,MCSLab RTT AP3,e4:5e:1b:a0:5e:85,-61,8286,2074,3542728039,true
4,2024-11-28 14:12:27.411,MCSLab RTT AP2,24:29:34:e1:ef:d4,-70,8491,807,3542728039,true
4,2024-11-28 14:12:27.411,MCSLab RTT AP3,e4:5e:1b:a0:5e:85,-61,8286,2074,3542728039,true
4,2024-11-28 14:12:27.411,MCSLab RTT AP1,24:29:34:e2:4c:36,-59,913,878,3542728039,true
4,2024-11-28 14:12:27.411,MCSLab RTT AP2,24:29:34:e1:ef:d4,-70,8491,807,3542728039,true
4,2024-11-28 14:12:27.411,MCSLab RTT AP3,e4:5e:1b:a0:5e:85,-61,8286,2074,3542728039,true
4,2024-11-28 14:12:27.411,MCSLab RTT AP1,24:29:34:e2:4c:36,-59,913,878,3542728039,true
4,2024-11-28 14:12:27.411,MCSLab RTT AP3,b0:e4:d5:88:16:86,-60,2152,1001,3542728039,true
4,2024-11-28 14:12:27.553,MCSLab RTT AP2,24:29:34:e1:ef:d4,-70,7085,1317,3542728189,true
4,2024-11-28 14:12:27.553,MCSLab RTT AP2,24:29:34:e1:ef:d4,-70,7085,1317,3542728189,true
4,2024-11-28 14:12:27.553,MCSLab RTT AP3,e4:5e:1b:a0:5e:85,-61,8403,2027,3542728189,true
4,2024-11-28 14:12:27.553,MCSLab RTT AP2,24:29:34:e1:ef:d4,-70,7085,1317,3542728189,true
4,2024-11-28 14:12:27.553,MCSLab RTT AP3,e4:5e:1b:a0:5e:85,-61,8403,2027,3542728189,true
4,2024-11-28 14:12:27.553,MCSLab RTT AP1,24:29:34:e2:4c:36,-59,991,842,3542728189,true
4,2024-11-28 14:12:27.553,MCSLab RTT AP2,24:29:34:e1:ef:d4,-70,7085,1317,3542728189,true
4,2024-11-28 14:12:27.553,MCSLab RTT AP3,e4:5e:1b:a0:5e:85,-61,8403,2027,3542728189,true
4,2024-11-28 14:12:27.553,MCSLab RTT AP1,24:29:34:e2:4c:36,-59,991,842,3542728189,true
4,2024-11-28 14:12:27.553,MCSLab RTT AP3,b0:e4:d5:88:16:86,-60,2542,1097,3542728189,true
4,2024-11-28 14:12:27.699,MCSLab RTT AP2,24:29:34:e1:ef:d4,-70,7827,1063,3542728335,true
4,2024-11-28 14:12:27.699,MCSLab RTT AP2,24:29:34:e1:ef:d4,-70,7827,1063,3542728335,true
4,2024-11-28 14:12:27.699,MCSLab RTT AP3,e4:5e:1b:a0:5e:85,-61,8364,2316,3542728335,true
4,2024-11-28 14:12:27.699,MCSLab RTT AP2,24:29:34:e1:ef:d4,-70,7827,1063,3542728335,true
4,2024-11-28 14:12:27.699,MCSLab RTT AP3,e4:5e:1b:a0:5e:85,-61,8364,2316,3542728335,true
4,2024-11-28 14:12:27.699,MCSLab RTT AP1,24:29:34:e2:4c:36,-59,1186,729,3542728335,true
4,2024-11-28 14:12:27.699,MCSLab RTT AP2,24:29:34:e1:ef:d4,-70,7827,1063,3542728335,true
4,2024-11-28 14:12:27.699,MCSLab RTT AP3,e4:5e:1b:a0:5e:85,-61,8364,2316,3542728335,true
4,2024-11-28 14:12:27.699,MCSLab RTT AP1,24:29:34:e2:4c:36,-59,1186,729,3542728335,true
4,2024-11-28 14:12:27.699,MCSLab RTT AP3,b0:e4:d5:88:16:86,-55,1917,1010,3542728334,true
4,2024-11-28 14:12:27.821,MCSLab RTT AP2,24:29:34:e1:ef:d4,-71,7163,1185,3542728459,true
4,2024-11-28 14:12:27.821,MCSLab RTT AP2,24:29:34:e1:ef:d4,-71,7163,1185,3542728459,true
4,2024-11-28 14:12:27.821,MCSLab RTT AP3,e4:5e:1b:a0:5e:85,-59,13862,182,3542728459,true
4,2024-11-28 14:12:27.821,MCSLab RTT AP2,24:29:34:e1:ef:d4,-71,7163,1185,3542728459,true
4,2024-11-28 14:12:27.821,MCSLab RTT AP3,e4:5e:1b:a0:5e:85,-59,13862,182,3542728459,true
4,2024-11-28 14:12:27.821,MCSLab RTT AP1,24:29:34:e2:4c:36,-59,1147,721,3542728459,true
4,2024-11-28 14:12:27.821,MCSLab RTT AP2,24:29:34:e1:ef:d4,-71,7163,1185,3542728459,true
4,2024-11-28 14:12:27.821,MCSLab RTT AP3,e4:5e:1b:a0:5e:85,-59,13862,182,3542728459,true
4,2024-11-28 14:12:27.821,MCSLab RTT AP1,24:29:34:e2:4c:36,-59,1147,721,3542728459,true
4,2024-11-28 14:12:27.821,MCSLab RTT AP3,b0:e4:d5:88:16:86,-59,1448,1272,3542728459,true
4,2024-11-28 14:12:28.020,MCSLab RTT AP2,24:29:34:e1:ef:d4,-70,7788,1123,3542728652,true
4,2024-11-28 14:12:28.020,MCSLab RTT AP2,24:29:34:e1:ef:d4,-70,7788,1123,3542728652,true
4,2024-11-28 14:12:28.020,MCSLab RTT AP3,e4:5e:1b:a0:5e:85,-61,8442,2460,3542728652,true
4,2024-11-28 14:12:28.020,MCSLab RTT AP2,24:29:34:e1:ef:d4,-70,7788,1123,3542728652,true
4,2024-11-28 14:12:28.020,MCSLab RTT AP3,e4:5e:1b:a0:5e:85,-61,8442,2460,3542728652,true
4,2024-11-28 14:12:28.020,MCSLab RTT AP1,24:29:34:e2:4c:36,-59,2280,781,3542728652,true
4,2024-11-28 14:12:28.020,MCSLab RTT AP2,24:29:34:e1:ef:d4,-70,7788,1123,3542728652,true
4,2024-11-28 14:12:28.020,MCSLab RTT AP3,e4:5e:1b:a0:5e:85,-61,8442,2460,3542728652,true
4,2024-11-28 14:12:28.020,MCSLab RTT AP1,24:29:34:e2:4c:36,-59,2280,781,3542728652,true
4,2024-11-28 14:12:28.020,MCSLab RTT AP3,b0:e4:d5:88:16:86,-60,1409,1350,3542728652,true
4,2024-11-28 14:12:28.165,MCSLab RTT AP2,24:29:34:e1:ef:d4,-70,7241,1269,3542728801,true
4,2024-11-28 14:12:28.165,MCSLab RTT AP2,24:29:34:e1:ef:d4,-70,7241,1269,3542728801,true
4,2024-11-28 14:12:28.165,MCSLab RTT AP3,e4:5e:1b:a0:5e:85,-61,13882,246,3542728801,true
4,2024-11-28 14:12:28.165,MCSLab RTT AP2,24:29:34:e1:ef:d4,-70,7241,1269,3542728801,true
4,2024-11-28 14:12:28.165,MCSLab RTT AP3,e4:5e:1b:a0:5e:85,-61,13882,246,3542728801,true
4,2024-11-28 14:12:28.165,MCSLab RTT AP1,24:29:34:e2:4c:36,-58,2749,791,3542728801,true
4,2024-11-28 14:12:28.165,MCSLab RTT AP2,24:29:34:e1:ef:d4,-70,7241,1269,3542728801,true
4,2024-11-28 14:12:28.165,MCSLab RTT AP3,e4:5e:1b:a0:5e:85,-61,13882,246,3542728801,true
4,2024-11-28 14:12:28.165,MCSLab RTT AP1,24:29:34:e2:4c:36,-58,2749,791,3542728801,true
4,2024-11-28 14:12:28.165,MCSLab RTT AP3,b0:e4:d5:88:16:86,-60,1488,1214,3542728801,true
4,2024-11-28 14:12:28.305,MCSLab RTT AP2,24:29:34:e1:ef:d4,-70,8569,789,3542728941,true
4,2024-11-28 14:12:28.305,MCSLab RTT AP2,24:29:34:e1:ef:d4,-70,8569,789,3542728941,true
4,2024-11-28 14:12:28.305,MCSLab RTT AP3,e4:5e:1b:a0:5e:85,-61,8286,2521,3542728941,true
4,2024-11-28 14:12:28.305,MCSLab RTT AP2,24:29:34:e1:ef:d4,-70,8569,789,3542728941,true
4,2024-11-28 14:12:28.305,MCSLab RTT AP3,e4:5e:1b:a0:5e:85,-61,8286,2521,3542728941,true
4,2024-11-28 14:12:28.305,MCSLab RTT AP1,24:29:34:e2:4c:36,-59,2163,769,3542728941,true
4,2024-11-28 14:12:28.305,MCSLab RTT AP2,24:29:34:e1:ef:d4,-70,8569,789,3542728941,true
4,2024-11-28 14:12:28.305,MCSLab RTT AP3,e4:5e:1b:a0:5e:85,-61,8286,2521,3542728941,true
4,2024-11-28 14:12:28.305,MCSLab RTT AP1,24:29:34:e2:4c:36,-59,2163,769,3542728941,true
4,2024-11-28 14:12:28.305,MCSLab RTT AP3,b0:e4:d5:88:16:86,-61,1566,1113,3542728941,true
4,2024-11-28 14:12:28.441,MCSLab RTT AP2,24:29:34:e1:ef:d4,-70,7319,1234,3542729076,true
4,2024-11-28 14:12:28.441,MCSLab RTT AP2,24:29:34:e1:ef:d4,-70,7319,1234,3542729076,true
4,2024-11-28 14:12:28.441,MCSLab RTT AP3,e4:5e:1b:a0:5e:85,-60,8520,2124,3542729076,true
4,2024-11-28 14:12:28.441,MCSLab RTT AP2,24:29:34:e1:ef:d4,-70,7319,1234,3542729076,true
4,2024-11-28 14:12:28.441,MCSLab RTT AP3,e4:5e:1b:a0:5e:85,-60,8520,2124,3542729076,true
4,2024-11-28 14:12:28.441,MCSLab RTT AP1,24:29:34:e2:4c:36,-55,2124,764,3542729076,true
4,2024-11-28 14:12:28.441,MCSLab RTT AP2,24:29:34:e1:ef:d4,-70,7319,1234,3542729076,true
4,2024-11-28 14:12:28.441,MCSLab RTT AP3,e4:5e:1b:a0:5e:85,-60,8520,2124,3542729076,true
4,2024-11-28 14:12:28.441,MCSLab RTT AP1,24:29:34:e2:4c:36,-55,2124,764,3542729076,true
4,2024-11-28 14:12:28.441,MCSLab RTT AP3,b0:e4:d5:88:16:86,-61,1488,1211,3542729075,true
4,2024-11-28 14:12:28.631,MCSLab RTT AP2,24:29:34:e1:ef:d4,-70,7163,1190,3542729264,true
4,2024-11-28 14:12:28.631,MCSLab RTT AP2,24:29:34:e1:ef:d4,-70,7163,1190,3542729264,true
4,2024-11-28 14:12:28.631,MCSLab RTT AP3,e4:5e:1b:a0:5e:85,-61,13852,74,3542729264,true
4,2024-11-28 14:12:28.631,MCSLab RTT AP2,24:29:34:e1:ef:d4,-70,7163,1190,3542729264,true
4,2024-11-28 14:12:28.631,MCSLab RTT AP3,e4:5e:1b:a0:5e:85,-61,13852,74,3542729264,true
4,2024-11-28 14:12:28.631,MCSLab RTT AP1,24:29:34:e2:4c:36,-59,2680,766,3542729264,true
4,2024-11-28 14:12:28.631,MCSLab RTT AP2,24:29:34:e1:ef:d4,-70,7163,1190,3542729264,true
4,2024-11-28 14:12:28.631,MCSLab RTT AP3,e4:5e:1b:a0:5e:85,-61,13852,74,3542729264,true
4,2024-11-28 14:12:28.631,MCSLab RTT AP1,24:29:34:e2:4c:36,-59,2680,766,3542729264,true
4,2024-11-28 14:12:28.631,MCSLab RTT AP3,b0:e4:d5:88:16:86,-61,1370,1342,3542729264,true
4,2024-11-28 14:12:28.764,MCSLab RTT AP2,24:29:34:e1:ef:d4,-70,8413,879,3542729400,true
4,2024-11-28 14:12:28.764,MCSLab RTT AP2,24:29:34:e1:ef:d4,-70,8413,879,3542729400,true
4,2024-11-28 14:12:28.764,MCSLab RTT AP3,e4:5e:1b:a0:5e:85,-61,8481,2555,3542729399,true
4,2024-11-28 14:12:28.764,MCSLab RTT AP2,24:29:34:e1:ef:d4,-70,8413,879,3542729400,true
4,2024-11-28 14:12:28.764,MCSLab RTT AP3,e4:5e:1b:a0:5e:85,-61,8481,2555,3542729399,true
4,2024-11-28 14:12:28.764,MCSLab RTT AP1,24:29:34:e2:4c:36,-60,2319,709,3542729400,true
4,2024-11-28 14:12:28.764,MCSLab RTT AP2,24:29:34:e1:ef:d4,-70,8413,879,3542729400,true
4,2024-11-28 14:12:28.764,MCSLab RTT AP3,e4:5e:1b:a0:5e:85,-61,8481,2555,3542729399,true
4,2024-11-28 14:12:28.764,MCSLab RTT AP1,24:29:34:e2:4c:36,-60,2319,709,3542729400,true
4,2024-11-28 14:12:28.764,MCSLab RTT AP3,b0:e4:d5:88:16:86,-61,1566,1199,3542729399,true
4,2024-11-28 14:12:28.894,MCSLab RTT AP2,24:29:34:e1:ef:d4,-70,7124,1198,3542729529,true
4,2024-11-28 14:12:28.894,MCSLab RTT AP2,24:29:34:e1:ef:d4,-70,7124,1198,3542729529,true
4,2024-11-28 14:12:28.894,MCSLab RTT AP3,e4:5e:1b:a0:5e:85,-60,13882,112,3542729529,true
4,2024-11-28 14:12:28.894,MCSLab RTT AP2,24:29:34:e1:ef:d4,-70,7124,1198,3542729529,true
4,2024-11-28 14:12:28.894,MCSLab RTT AP3,e4:5e:1b:a0:5e:85,-60,13882,112,3542729529,true
4,2024-11-28 14:12:28.894,MCSLab RTT AP1,24:29:34:e2:4c:36,-59,1382,708,3542729529,true
4,2024-11-28 14:12:28.894,MCSLab RTT AP2,24:29:34:e1:ef:d4,-70,7124,1198,3542729529,true
4,2024-11-28 14:12:28.894,MCSLab RTT AP3,e4:5e:1b:a0:5e:85,-60,13882,112,3542729529,true
4,2024-11-28 14:12:28.894,MCSLab RTT AP1,24:29:34:e2:4c:36,-59,1382,708,3542729529,true
4,2024-11-28 14:12:28.894,MCSLab RTT AP3,b0:e4:d5:88:16:86,-61,1527,1219,3542729529,true
4,2024-11-28 14:12:29.031,MCSLab RTT AP2,24:29:34:e1:ef:d4,-70,6968,1302,3542729667,true
4,2024-11-28 14:12:29.031,MCSLab RTT AP2,24:29:34:e1:ef:d4,-70,6968,1302,3542729667,true
4,2024-11-28 14:12:29.031,MCSLab RTT AP3,e4:5e:1b:a0:5e:85,-61,8520,2141,3542729667,true
4,2024-11-28 14:12:29.031,MCSLab RTT AP2,24:29:34:e1:ef:d4,-70,6968,1302,3542729667,true
4,2024-11-28 14:12:29.031,MCSLab RTT AP3,e4:5e:1b:a0:5e:85,-61,8520,2141,3542729667,true
4,2024-11-28 14:12:29.031,MCSLab RTT AP1,24:29:34:e2:4c:36,-59,1421,694,3542729667,true
4,2024-11-28 14:12:29.031,MCSLab RTT AP2,24:29:34:e1:ef:d4,-70,6968,1302,3542729667,true
4,2024-11-28 14:12:29.031,MCSLab RTT AP3,e4:5e:1b:a0:5e:85,-61,8520,2141,3542729667,true
4,2024-11-28 14:12:29.031,MCSLab RTT AP1,24:29:34:e2:4c:36,-59,1421,694,3542729667,true
4,2024-11-28 14:12:29.031,MCSLab RTT AP3,b0:e4:d5:88:16:86,-60,1605,1196,3542729667,true
4,2024-11-28 14:12:29.168,MCSLab RTT AP2,24:29:34:e1:ef:d4,-70,9194,205,3542729805,true
4,2024-11-28 14:12:29.168,MCSLab RTT AP2,24:29:34:e1:ef:d4,-70,9194,205,3542729805,true
4,2024-11-28 14:12:29.168,MCSLab RTT AP3,e4:5e:1b:a0:5e:85,-61,13999,97,3542729805,true
4,2024-11-28 14:12:29.168,MCSLab RTT AP2,24:29:34:e1:ef:d4,-70,9194,205,3542729805,true
4,2024-11-28 14:12:29.168,MCSLab RTT AP3,e4:5e:1b:a0:5e:85,-61,13999,97,3542729805,true
4,2024-11-28 14:12:29.168,MCSLab RTT AP1,24:29:34:e2:4c:36,-59,1421,653,3542729805,true
4,2024-11-28 14:12:29.168,MCSLab RTT AP2,24:29:34:e1:ef:d4,-70,9194,205,3542729805,true
4,2024-11-28 14:12:29.168,MCSLab RTT AP3,e4:5e:1b:a0:5e:85,-61,13999,97,3542729805,true
4,2024-11-28 14:12:29.168,MCSLab RTT AP1,24:29:34:e2:4c:36,-59,1421,653,3542729805,true
4,2024-11-28 14:12:29.168,MCSLab RTT AP3,b0:e4:d5:88:16:86,-60,1488,1170,3542729805,true
4,2024-11-28 14:12:29.361,MCSLab RTT AP2,24:29:34:e1:ef:d4,-70,7710,1138,3542729980,true
4,2024-11-28 14:12:29.361,MCSLab RTT AP2,24:29:34:e1:ef:d4,-70,7710,1138,3542729980,true
4,2024-11-28 14:12:29.361,MCSLab RTT AP3,e4:5e:1b:a0:5e:85,-61,8364,2361,3542729980,true
4,2024-11-28 14:12:29.361,MCSLab RTT AP2,24:29:34:e1:ef:d4,-70,7710,1138,3542729980,true
4,2024-11-28 14:12:29.361,MCSLab RTT AP3,e4:5e:1b:a0:5e:85,-61,8364,2361,3542729980,true
4,2024-11-28 14:12:29.361,MCSLab RTT AP1,24:29:34:e2:4c:36,-60,2436,563,3542729980,true
4,2024-11-28 14:12:29.361,MCSLab RTT AP2,24:29:34:e1:ef:d4,-70,7710,1138,3542729980,true
4,2024-11-28 14:12:29.361,MCSLab RTT AP3,e4:5e:1b:a0:5e:85,-61,8364,2361,3542729980,true
4,2024-11-28 14:12:29.361,MCSLab RTT AP1,24:29:34:e2:4c:36,-60,2436,563,3542729980,true
4,2024-11-28 14:12:29.361,MCSLab RTT AP3,b0:e4:d5:88:16:86,-61,1527,1205,3542729980,true
4,2024-11-28 14:12:29.481,MCSLab RTT AP2,24:29:34:e1:ef:d4,-71,7866,994,3542730098,true
4,2024-11-28 14:12:29.481,MCSLab RTT AP2,24:29:34:e1:ef:d4,-71,7866,994,3542730098,true
4,2024-11-28 14:12:29.481,MCSLab RTT AP3,e4:5e:1b:a0:5e:85,-61,8247,2647,3542730098,true
4,2024-11-28 14:12:29.481,MCSLab RTT AP2,24:29:34:e1:ef:d4,-71,7866,994,3542730098,true
4,2024-11-28 14:12:29.481,MCSLab RTT AP3,e4:5e:1b:a0:5e:85,-61,8247,2647,3542730098,true
4,2024-11-28 14:12:29.481,MCSLab RTT AP1,24:29:34:e2:4c:36,-60,2710,858,3542730098,true
4,2024-11-28 14:12:29.481,MCSLab RTT AP2,24:29:34:e1:ef:d4,-71,7866,994,3542730098,true
4,2024-11-28 14:12:29.481,MCSLab RTT AP3,e4:5e:1b:a0:5e:85,-61,8247,2647,3542730098,true
4,2024-11-28 14:12:29.481,MCSLab RTT AP1,24:29:34:e2:4c:36,-60,2710,858,3542730098,true
4,2024-11-28 14:12:29.481,MCSLab RTT AP3,b0:e4:d5:88:16:86,-61,1370,1297,3542730098,true
4,2024-11-28 14:12:29.656,MCSLab RTT AP2,24:29:34:e1:ef:d4,-71,7202,1237,3542730291,true
4,2024-11-28 14:12:29.656,MCSLab RTT AP2,24:29:34:e1:ef:d4,-71,7202,1237,3542730291,true
4,2024-11-28 14:12:29.656,MCSLab RTT AP3,e4:5e:1b:a0:5e:85,-61,13999,102,3542730291,true
4,2024-11-28 14:12:29.656,MCSLab RTT AP2,24:29:34:e1:ef:d4,-71,7202,1237,3542730291,true
4,2024-11-28 14:12:29.656,MCSLab RTT AP3,e4:5e:1b:a0:5e:85,-61,13999,102,3542730291,true
4,2024-11-28 14:12:29.656,MCSLab RTT AP1,24:29:34:e2:4c:36,-60,2280,638,3542730291,true
4,2024-11-28 14:12:29.656,MCSLab RTT AP2,24:29:34:e1:ef:d4,-71,7202,1237,3542730291,true
4,2024-11-28 14:12:29.656,MCSLab RTT AP3,e4:5e:1b:a0:5e:85,-61,13999,102,3542730291,true
4,2024-11-28 14:12:29.656,MCSLab RTT AP1,24:29:34:e2:4c:36,-60,2280,638,3542730291,true
4,2024-11-28 14:12:29.656,MCSLab RTT AP3,b0:e4:d5:88:16:86,-61,1370,1342,3542730291,true
4,2024-11-28 14:12:29.752,MCSLab RTT AP2,24:29:34:e1:ef:d4,-70,7866,976,3542730390,true
4,2024-11-28 14:12:29.752,MCSLab RTT AP2,24:29:34:e1:ef:d4,-70,7866,976,3542730390,true
4,2024-11-28 14:12:29.752,MCSLab RTT AP3,e4:5e:1b:a0:5e:85,-61,8364,2572,3542730389,true
4,2024-11-28 14:12:29.752,MCSLab RTT AP2,24:29:34:e1:ef:d4,-70,7866,976,3542730390,true
4,2024-11-28 14:12:29.752,MCSLab RTT AP3,e4:5e:1b:a0:5e:85,-61,8364,2572,3542730389,true
4,2024-11-28 14:12:29.752,MCSLab RTT AP1,24:29:34:e2:4c:36,-60,1733,526,3542730390,true
4,2024-11-28 14:12:29.752,MCSLab RTT AP2,24:29:34:e1:ef:d4,-70,7866,976,3542730390,true
4,2024-11-28 14:12:29.752,MCSLab RTT AP3,e4:5e:1b:a0:5e:85,-61,8364,2572,3542730389,true
4,2024-11-28 14:12:29.752,MCSLab RTT AP1,24:29:34:e2:4c:36,-60,1733,526,3542730390,true
4,2024-11-28 14:12:29.752,MCSLab RTT AP3,b0:e4:d5:88:16:86,-61,1409,1349,3542730389,true
4,2024-11-28 14:12:29.860,MCSLab RTT AP2,24:29:34:e1:ef:d4,-70,7827,1104,3542730497,true
4,2024-11-28 14:12:29.860,MCSLab RTT AP2,24:29:34:e1:ef:d4,-70,7827,1104,3542730497,true
4,2024-11-28 14:12:29.860,MCSLab RTT AP3,e4:5e:1b:a0:5e:85,-61,13940,102,3542730497,true
4,2024-11-28 14:12:29.860,MCSLab RTT AP2,24:29:34:e1:ef:d4,-70,7827,1104,3542730497,true
4,2024-11-28 14:12:29.860,MCSLab RTT AP3,e4:5e:1b:a0:5e:85,-61,13940,102,3542730497,true
4,2024-11-28 14:12:29.860,MCSLab RTT AP1,24:29:34:e2:4c:36,-60,2319,721,3542730497,true
4,2024-11-28 14:12:29.860,MCSLab RTT AP2,24:29:34:e1:ef:d4,-70,7827,1104,3542730497,true
4,2024-11-28 14:12:29.860,MCSLab RTT AP3,e4:5e:1b:a0:5e:85,-61,13940,102,3542730497,true
4,2024-11-28 14:12:29.860,MCSLab RTT AP1,24:29:34:e2:4c:36,-60,2319,721,3542730497,true
4,2024-11-28 14:12:29.860,MCSLab RTT AP3,b0:e4:d5:88:16:86,-61,1370,1357,3542730497,true
4,2024-11-28 14:12:30.014,MCSLab RTT AP2,24:29:34:e1:ef:d4,-70,7124,1248,3542730649,true
4,2024-11-28 14:12:30.014,MCSLab RTT AP2,24:29:34:e1:ef:d4,-70,7124,1248,3542730649,true
4,2024-11-28 14:12:30.014,MCSLab RTT AP3,e4:5e:1b:a0:5e:85,-60,8481,2287,3542730649,true
4,2024-11-28 14:12:30.014,MCSLab RTT AP2,24:29:34:e1:ef:d4,-70,7124,1248,3542730649,true
4,2024-11-28 14:12:30.014,MCSLab RTT AP3,e4:5e:1b:a0:5e:85,-60,8481,2287,3542730649,true
4,2024-11-28 14:12:30.014,MCSLab RTT AP1,24:29:34:e2:4c:36,-60,2739,592,3542730649,true
4,2024-11-28 14:12:30.014,MCSLab RTT AP2,24:29:34:e1:ef:d4,-70,7124,1248,3542730649,true
4,2024-11-28 14:12:30.014,MCSLab RTT AP3,e4:5e:1b:a0:5e:85,-60,8481,2287,3542730649,true
4,2024-11-28 14:12:30.014,MCSLab RTT AP1,24:29:34:e2:4c:36,-60,2739,592,3542730649,true
4,2024-11-28 14:12:30.014,MCSLab RTT AP3,b0:e4:d5:88:16:86,-61,1409,1306,3542730649,true
4,2024-11-28 14:12:30.166,MCSLab RTT AP2,24:29:34:e1:ef:d4,-70,7749,1136,3542730801,true
4,2024-11-28 14:12:30.166,MCSLab RTT AP2,24:29:34:e1:ef:d4,-70,7749,1136,3542730801,true
4,2024-11-28 14:12:30.166,MCSLab RTT AP3,e4:5e:1b:a0:5e:85,-61,13940,135,3542730801,true
4,2024-11-28 14:12:30.166,MCSLab RTT AP2,24:29:34:e1:ef:d4,-70,7749,1136,3542730801,true
4,2024-11-28 14:12:30.166,MCSLab RTT AP3,e4:5e:1b:a0:5e:85,-61,13940,135,3542730801,true
4,2024-11-28 14:12:30.166,MCSLab RTT AP1,24:29:34:e2:4c:36,-54,1889,488,3542730801,true
4,2024-11-28 14:12:30.166,MCSLab RTT AP2,24:29:34:e1:ef:d4,-70,7749,1136,3542730801,true
4,2024-11-28 14:12:30.166,MCSLab RTT AP3,e4:5e:1b:a0:5e:85,-61,13940,135,3542730801,true
4,2024-11-28 14:12:30.166,MCSLab RTT AP1,24:29:34:e2:4c:36,-54,1889,488,3542730801,true
4,2024-11-28 14:12:30.166,MCSLab RTT AP3,b0:e4:d5:88:16:86,-61,1409,1366,3542730801,true
4,2024-11-28 14:12:30.286,MCSLab RTT AP2,24:29:34:e1:ef:d4,-70,7124,1224,3542730925,true
4,2024-11-28 14:12:30.286,MCSLab RTT AP2,24:29:34:e1:ef:d4,-70,7124,1224,3542730925,true
4,2024-11-28 14:12:30.286,MCSLab RTT AP3,e4:5e:1b:a0:5e:85,-61,8403,2487,3542730925,true
4,2024-11-28 14:12:30.286,MCSLab RTT AP2,24:29:34:e1:ef:d4,-70,7124,1224,3542730925,true
4,2024-11-28 14:12:30.286,MCSLab RTT AP3,e4:5e:1b:a0:5e:85,-61,8403,2487,3542730925,true
4,2024-11-28 14:12:30.286,MCSLab RTT AP1,24:29:34:e2:4c:36,-60,1655,551,3542730925,true
4,2024-11-28 14:12:30.286,MCSLab RTT AP2,24:29:34:e1:ef:d4,-70,7124,1224,3542730925,true
4,2024-11-28 14:12:30.286,MCSLab RTT AP3,e4:5e:1b:a0:5e:85,-61,8403,2487,3542730925,true
4,2024-11-28 14:12:30.286,MCSLab RTT AP1,24:29:34:e2:4c:36,-60,1655,551,3542730925,true
4,2024-11-28 14:12:30.286,MCSLab RTT AP3,b0:e4:d5:88:16:86,-55,521,1927,3542730925,true
4,2024-11-28 14:12:30.480,MCSLab RTT AP2,24:29:34:e1:ef:d4,-70,7671,1161,3542731098,true
4,2024-11-28 14:12:30.480,MCSLab RTT AP2,24:29:34:e1:ef:d4,-70,7671,1161,3542731098,true
4,2024-11-28 14:12:30.480,MCSLab RTT AP3,e4:5e:1b:a0:5e:85,-61,8325,2578,3542731098,true
4,2024-11-28 14:12:30.480,MCSLab RTT AP2,24:29:34:e1:ef:d4,-70,7671,1161,3542731098,true
4,2024-11-28 14:12:30.480,MCSLab RTT AP3,e4:5e:1b:a0:5e:85,-61,8325,2578,3542731098,true
4,2024-11-28 14:12:30.480,MCSLab RTT AP1,24:29:34:e2:4c:36,-60,2710,393,3542731098,true
4,2024-11-28 14:12:30.480,MCSLab RTT AP2,24:29:34:e1:ef:d4,-70,7671,1161,3542731098,true
4,2024-11-28 14:12:30.480,MCSLab RTT AP3,e4:5e:1b:a0:5e:85,-61,8325,2578,3542731098,true
4,2024-11-28 14:12:30.480,MCSLab RTT AP1,24:29:34:e2:4c:36,-60,2710,393,3542731098,true
4,2024-11-28 14:12:30.480,MCSLab RTT AP3,b0:e4:d5:88:16:86,-60,1605,1239,3542731098,true
4,2024-11-28 14:12:30.561,MCSLab RTT AP2,24:29:34:e1:ef:d4,-70,7866,1122,3542731198,true
4,2024-11-28 14:12:30.561,MCSLab RTT AP2,24:29:34:e1:ef:d4,-70,7866,1122,3542731198,true
4,2024-11-28 14:12:30.561,MCSLab RTT AP3,e4:5e:1b:a0:5e:85,-61,13999,102,3542731198,true
4,2024-11-28 14:12:30.561,MCSLab RTT AP2,24:29:34:e1:ef:d4,-70,7866,1122,3542731198,true
4,2024-11-28 14:12:30.561,MCSLab RTT AP3,e4:5e:1b:a0:5e:85,-61,13999,102,3542731198,true
4,2024-11-28 14:12:30.561,MCSLab RTT AP1,24:29:34:e2:4c:36,-59,2710,440,3542731198,true
4,2024-11-28 14:12:30.561,MCSLab RTT AP2,24:29:34:e1:ef:d4,-70,7866,1122,3542731198,true
4,2024-11-28 14:12:30.561,MCSLab RTT AP3,e4:5e:1b:a0:5e:85,-61,13999,102,3542731198,true
4,2024-11-28 14:12:30.561,MCSLab RTT AP1,24:29:34:e2:4c:36,-59,2710,440,3542731198,true
4,2024-11-28 14:12:30.561,MCSLab RTT AP3,b0:e4:d5:88:16:86,-60,1487,1237,3542731198,true
4,2024-11-28 14:12:30.681,MCSLab RTT AP2,24:29:34:e1:ef:d4,-70,8764,697,3542731317,true
4,2024-11-28 14:12:30.681,MCSLab RTT AP2,24:29:34:e1:ef:d4,-70,8764,697,3542731317,true
4,2024-11-28 14:12:30.681,MCSLab RTT AP3,e4:5e:1b:a0:5e:85,-61,8403,2625,3542731317,true
4,2024-11-28 14:12:30.681,MCSLab RTT AP2,24:29:34:e1:ef:d4,-70,8764,697,3542731317,true
4,2024-11-28 14:12:30.681,MCSLab RTT AP3,e4:5e:1b:a0:5e:85,-61,8403,2625,3542731317,true
4,2024-11-28 14:12:30.681,MCSLab RTT AP1,24:29:34:e2:4c:36,-59,2651,507,3542731317,true
4,2024-11-28 14:12:30.681,MCSLab RTT AP2,24:29:34:e1:ef:d4,-70,8764,697,3542731317,true
4,2024-11-28 14:12:30.681,MCSLab RTT AP3,e4:5e:1b:a0:5e:85,-61,8403,2625,3542731317,true
4,2024-11-28 14:12:30.681,MCSLab RTT AP1,24:29:34:e2:4c:36,-59,2651,507,3542731317,true
4,2024-11-28 14:12:30.681,MCSLab RTT AP3,b0:e4:d5:88:16:86,-60,1527,1278,3542731317,true
4,2024-11-28 14:12:30.832,MCSLab RTT AP2,24:29:34:e1:ef:d4,-70,8530,851,3542731467,true
4,2024-11-28 14:12:30.832,MCSLab RTT AP2,24:29:34:e1:ef:d4,-70,8530,851,3542731467,true
4,2024-11-28 14:12:30.832,MCSLab RTT AP3,e4:5e:1b:a0:5e:85,-60,8286,2058,3542731467,true
4,2024-11-28 14:12:30.832,MCSLab RTT AP2,24:29:34:e1:ef:d4,-70,8530,851,3542731467,true
4,2024-11-28 14:12:30.832,MCSLab RTT AP3,e4:5e:1b:a0:5e:85,-60,8286,2058,3542731467,true
4,2024-11-28 14:12:30.832,MCSLab RTT AP1,24:29:34:e2:4c:36,-59,2710,600,3542731467,true
4,2024-11-28 14:12:30.832,MCSLab RTT AP2,24:29:34:e1:ef:d4,-70,8530,851,3542731467,true
4,2024-11-28 14:12:30.832,MCSLab RTT AP3,e4:5e:1b:a0:5e:85,-60,8286,2058,3542731467,true
4,2024-11-28 14:12:30.832,MCSLab RTT AP1,24:29:34:e2:4c:36,-59,2710,600,3542731467,true
4,2024-11-28 14:12:30.832,MCSLab RTT AP3,b0:e4:d5:88:16:86,-60,1488,1237,3542731467,true
4,2024-11-28 14:12:30.975,MCSLab RTT AP2,24:29:34:e1:ef:d4,-70,8569,756,3542731610,true
4,2024-11-28 14:12:30.975,MCSLab RTT AP2,24:29:34:e1:ef:d4,-70,8569,756,3542731610,true
4,2024-11-28 14:12:30.975,MCSLab RTT AP3,e4:5e:1b:a0:5e:85,-61,8403,2587,3542731610,true
4,2024-11-28 14:12:30.975,MCSLab RTT AP2,24:29:34:e1:ef:d4,-70,8569,756,3542731610,true
4,2024-11-28 14:12:30.975,MCSLab RTT AP3,e4:5e:1b:a0:5e:85,-61,8403,2587,3542731610,true
4,2024-11-28 14:12:30.975,MCSLab RTT AP1,24:29:34:e2:4c:36,-59,2915,523,3542731610,true
4,2024-11-28 14:12:30.975,MCSLab RTT AP2,24:29:34:e1:ef:d4,-70,8569,756,3542731610,true
4,2024-11-28 14:12:30.975,MCSLab RTT AP3,e4:5e:1b:a0:5e:85,-61,8403,2587,3542731610,true
4,2024-11-28 14:12:30.975,MCSLab RTT AP1,24:29:34:e2:4c:36,-59,2915,523,3542731610,true
4,2024-11-28 14:12:30.975,MCSLab RTT AP3,b0:e4:d5:88:16:86,-61,1488,1327,3542731610,true
4,2024-11-28 14:12:31.103,MCSLab RTT AP2,24:29:34:e1:ef:d4,-70,8530,877,3542731738,true
4,2024-11-28 14:12:31.103,MCSLab RTT AP2,24:29:34:e1:ef:d4,-70,8530,877,3542731738,true
4,2024-11-28 14:12:31.103,MCSLab RTT AP3,e4:5e:1b:a0:5e:85,-61,13911,165,3542731738,true
4,2024-11-28 14:12:31.103,MCSLab RTT AP2,24:29:34:e1:ef:d4,-70,8530,877,3542731738,true
4,2024-11-28 14:12:31.103,MCSLab RTT AP3,e4:5e:1b:a0:5e:85,-61,13911,165,3542731738,true
4,2024-11-28 14:12:31.103,MCSLab RTT AP1,24:29:34:e2:4c:36,-60,2749,566,3542731738,true
4,2024-11-28 14:12:31.103,MCSLab RTT AP2,24:29:34:e1:ef:d4,-70,8530,877,3542731738,true
4,2024-11-28 14:12:31.103,MCSLab RTT AP3,e4:5e:1b:a0:5e:85,-61,13911,165,3542731738,true
4,2024-11-28 14:12:31.103,MCSLab RTT AP1,24:29:34:e2:4c:36,-60,2749,566,3542731738,true
4,2024-11-28 14:12:31.103,MCSLab RTT AP3,b0:e4:d5:88:16:86,-60,1488,1283,3542731738,true
4,2024-11-28 14:12:31.294,MCSLab RTT AP2,24:29:34:e1:ef:d4,-70,6889,1372,3542731930,true
4,2024-11-28 14:12:31.294,MCSLab RTT AP2,24:29:34:e1:ef:d4,-70,6889,1372,3542731930,true
4,2024-11-28 14:12:31.294,MCSLab RTT AP3,e4:5e:1b:a0:5e:85,-61,13911,117,3542731930,true
4,2024-11-28 14:12:31.294,MCSLab RTT AP2,24:29:34:e1:ef:d4,-70,6889,1372,3542731930,true
4,2024-11-28 14:12:31.294,MCSLab RTT AP3,e4:5e:1b:a0:5e:85,-61,13911,117,3542731930,true
4,2024-11-28 14:12:31.294,MCSLab RTT AP1,24:29:34:e2:4c:36,-54,2003,1178,3542731930,true
4,2024-11-28 14:12:31.294,MCSLab RTT AP2,24:29:34:e1:ef:d4,-70,6889,1372,3542731930,true
4,2024-11-28 14:12:31.294,MCSLab RTT AP3,e4:5e:1b:a0:5e:85,-61,13911,117,3542731930,true
4,2024-11-28 14:12:31.294,MCSLab RTT AP1,24:29:34:e2:4c:36,-54,2003,1178,3542731930,true
4,2024-11-28 14:12:31.294,MCSLab RTT AP3,b0:e4:d5:88:16:86,-60,1566,1100,3542731930,true
4,2024-11-28 14:12:31.441,MCSLab RTT AP2,24:29:34:e1:ef:d4,-70,7124,1293,3542732078,true
4,2024-11-28 14:12:31.441,MCSLab RTT AP2,24:29:34:e1:ef:d4,-70,7124,1293,3542732078,true
4,2024-11-28 14:12:31.441,MCSLab RTT AP3,e4:5e:1b:a0:5e:85,-61,8325,2606,3542732078,true
4,2024-11-28 14:12:31.441,MCSLab RTT AP2,24:29:34:e1:ef:d4,-70,7124,1293,3542732078,true
4,2024-11-28 14:12:31.441,MCSLab RTT AP3,e4:5e:1b:a0:5e:85,-61,8325,2606,3542732078,true
4,2024-11-28 14:12:31.441,MCSLab RTT AP1,24:29:34:e2:4c:36,-60,2710,771,3542732078,true
4,2024-11-28 14:12:31.441,MCSLab RTT AP2,24:29:34:e1:ef:d4,-70,7124,1293,3542732078,true
4,2024-11-28 14:12:31.441,MCSLab RTT AP3,e4:5e:1b:a0:5e:85,-61,8325,2606,3542732078,true
4,2024-11-28 14:12:31.441,MCSLab RTT AP1,24:29:34:e2:4c:36,-60,2710,771,3542732078,true
4,2024-11-28 14:12:31.441,MCSLab RTT AP3,b0:e4:d5:88:16:86,-60,1449,1149,3542732078,true
4,2024-11-28 14:12:31.541,MCSLab RTT AP2,24:29:34:e1:ef:d4,-70,9194,202,3542732180,true
4,2024-11-28 14:12:31.541,MCSLab RTT AP2,24:29:34:e1:ef:d4,-70,9194,202,3542732180,true
4,2024-11-28 14:12:31.541,MCSLab RTT AP3,e4:5e:1b:a0:5e:85,-61,13940,68,3542732180,true
4,2024-11-28 14:12:31.541,MCSLab RTT AP2,24:29:34:e1:ef:d4,-70,9194,202,3542732180,true
4,2024-11-28 14:12:31.541,MCSLab RTT AP3,e4:5e:1b:a0:5e:85,-61,13940,68,3542732180,true
4,2024-11-28 14:12:31.541,MCSLab RTT AP1,24:29:34:e2:4c:36,-60,2622,580,3542732180,true
4,2024-11-28 14:12:31.541,MCSLab RTT AP2,24:29:34:e1:ef:d4,-70,9194,202,3542732180,true
4,2024-11-28 14:12:31.541,MCSLab RTT AP3,e4:5e:1b:a0:5e:85,-61,13940,68,3542732180,true
4,2024-11-28 14:12:31.541,MCSLab RTT AP1,24:29:34:e2:4c:36,-60,2622,580,3542732180,true
4,2024-11-28 14:12:31.541,MCSLab RTT AP3,b0:e4:d5:88:16:86,-60,1488,1212,3542732180,true
4,2024-11-28 14:12:31.636,MCSLab RTT AP2,24:29:34:e1:ef:d4,-70,7944,1026,3542732276,true
4,2024-11-28 14:12:31.636,MCSLab RTT AP2,24:29:34:e1:ef:d4,-70,7944,1026,3542732276,true
4,2024-11-28 14:12:31.636,MCSLab RTT AP3,e4:5e:1b:a0:5e:85,-61,13911,82,3542732276,true
4,2024-11-28 14:12:31.636,MCSLab RTT AP2,24:29:34:e1:ef:d4,-70,7944,1026,3542732276,true
4,2024-11-28 14:12:31.636,MCSLab RTT AP3,e4:5e:1b:a0:5e:85,-61,13911,82,3542732276,true
4,2024-11-28 14:12:31.636,MCSLab RTT AP1,24:29:34:e2:4c:36,-60,1303,688,3542732276,true
4,2024-11-28 14:12:31.636,MCSLab RTT AP2,24:29:34:e1:ef:d4,-70,7944,1026,3542732276,true
4,2024-11-28 14:12:31.636,MCSLab RTT AP3,e4:5e:1b:a0:5e:85,-61,13911,82,3542732276,true
4,2024-11-28 14:12:31.636,MCSLab RTT AP1,24:29:34:e2:4c:36,-60,1303,688,3542732276,true
4,2024-11-28 14:12:31.636,MCSLab RTT AP3,b0:e4:d5:88:16:86,-60,1448,1316,3542732276,true
4,2024-11-28 14:12:31.755,MCSLab RTT AP2,24:29:34:e1:ef:d4,-70,7202,1204,3542732389,true
4,2024-11-28 14:12:31.755,MCSLab RTT AP2,24:29:34:e1:ef:d4,-70,7202,1204,3542732389,true
4,2024-11-28 14:12:31.755,MCSLab RTT AP3,e4:5e:1b:a0:5e:85,-61,8325,2630,3542732389,true
4,2024-11-28 14:12:31.755,MCSLab RTT AP2,24:29:34:e1:ef:d4,-70,7202,1204,3542732389,true
4,2024-11-28 14:12:31.755,MCSLab RTT AP3,e4:5e:1b:a0:5e:85,-61,8325,2630,3542732389,true
4,2024-11-28 14:12:31.755,MCSLab RTT AP1,24:29:34:e2:4c:36,-60,2797,566,3542732389,true
4,2024-11-28 14:12:31.755,MCSLab RTT AP2,24:29:34:e1:ef:d4,-70,7202,1204,3542732389,true
4,2024-11-28 14:12:31.755,MCSLab RTT AP3,e4:5e:1b:a0:5e:85,-61,8325,2630,3542732389,true
4,2024-11-28 14:12:31.755,MCSLab RTT AP1,24:29:34:e2:4c:36,-60,2797,566,3542732389,true
4,2024-11-28 14:12:31.755,MCSLab RTT AP3,b0:e4:d5:88:16:86,-60,1527,1265,3542732389,true
4,2024-11-28 14:12:31.963,MCSLab RTT AP2,24:29:34:e1:ef:d4,-71,7905,981,3542732598,true
4,2024-11-28 14:12:31.963,MCSLab RTT AP2,24:29:34:e1:ef:d4,-71,7905,981,3542732598,true
4,2024-11-28 14:12:31.963,MCSLab RTT AP3,e4:5e:1b:a0:5e:85,-61,8481,2502,3542732598,true
4,2024-11-28 14:12:31.963,MCSLab RTT AP2,24:29:34:e1:ef:d4,-71,7905,981,3542732598,true
4,2024-11-28 14:12:31.963,MCSLab RTT AP3,e4:5e:1b:a0:5e:85,-61,8481,2502,3542732598,true
4,2024-11-28 14:12:31.963,MCSLab RTT AP1,24:29:34:e2:4c:36,-60,2768,623,3542732598,true
4,2024-11-28 14:12:31.963,MCSLab RTT AP2,24:29:34:e1:ef:d4,-71,7905,981,3542732598,true
4,2024-11-28 14:12:31.963,MCSLab RTT AP3,e4:5e:1b:a0:5e:85,-61,8481,2502,3542732598,true
4,2024-11-28 14:12:31.963,MCSLab RTT AP1,24:29:34:e2:4c:36,-60,2768,623,3542732598,true
4,2024-11-28 14:12:31.963,MCSLab RTT AP3,b0:e4:d5:88:16:86,-55,1409,1292,3542732598,true
4,2024-11-28 14:12:32.163,MCSLab RTT AP2,24:29:34:e1:ef:d4,-70,7319,1080,3542732800,true
4,2024-11-28 14:12:32.163,MCSLab RTT AP2,24:29:34:e1:ef:d4,-70,7319,1080,3542732800,true
4,2024-11-28 14:12:32.163,MCSLab RTT AP3,e4:5e:1b:a0:5e:85,-61,13969,138,3542732800,true
4,2024-11-28 14:12:32.163,MCSLab RTT AP2,24:29:34:e1:ef:d4,-70,7319,1080,3542732800,true
4,2024-11-28 14:12:32.163,MCSLab RTT AP3,e4:5e:1b:a0:5e:85,-61,13969,138,3542732800,true
4,2024-11-28 14:12:32.163,MCSLab RTT AP1,24:29:34:e2:4c:36,-60,2299,381,3542732800,true
4,2024-11-28 14:12:32.163,MCSLab RTT AP2,24:29:34:e1:ef:d4,-70,7319,1080,3542732800,true
4,2024-11-28 14:12:32.163,MCSLab RTT AP3,e4:5e:1b:a0:5e:85,-61,13969,138,3542732800,true
4,2024-11-28 14:12:32.163,MCSLab RTT AP1,24:29:34:e2:4c:36,-60,2299,381,3542732800,true
4,2024-11-28 14:12:32.163,MCSLab RTT AP3,b0:e4:d5:88:16:86,-56,1331,1328,3542732800,true
4,2024-11-28 14:12:32.323,MCSLab RTT AP2,24:29:34:e1:ef:d4,-71,8530,782,3542732958,true
4,2024-11-28 14:12:32.323,MCSLab RTT AP2,24:29:34:e1:ef:d4,-71,8530,782,3542732958,true
4,2024-11-28 14:12:32.323,MCSLab RTT AP3,e4:5e:1b:a0:5e:85,-61,8442,2580,3542732958,true
4,2024-11-28 14:12:32.323,MCSLab RTT AP2,24:29:34:e1:ef:d4,-71,8530,782,3542732958,true
4,2024-11-28 14:12:32.323,MCSLab RTT AP3,e4:5e:1b:a0:5e:85,-61,8442,2580,3542732958,true
4,2024-11-28 14:12:32.323,MCSLab RTT AP1,24:29:34:e2:4c:36,-49,1560,1402,3542732958,true
4,2024-11-28 14:12:32.323,MCSLab RTT AP2,24:29:34:e1:ef:d4,-71,8530,782,3542732958,true
4,2024-11-28 14:12:32.323,MCSLab RTT AP3,e4:5e:1b:a0:5e:85,-61,8442,2580,3542732958,true
4,2024-11-28 14:12:32.323,MCSLab RTT AP1,24:29:34:e2:4c:36,-49,1560,1402,3542732958,true
4,2024-11-28 14:12:32.323,MCSLab RTT AP3,b0:e4:d5:88:16:86,-56,1292,1412,3542732958,true
4,2024-11-28 14:12:32.471,MCSLab RTT AP2,24:29:34:e1:ef:d4,-70,7827,1021,3542733106,true
4,2024-11-28 14:12:32.471,MCSLab RTT AP2,24:29:34:e1:ef:d4,-70,7827,1021,3542733106,true
4,2024-11-28 14:12:32.471,MCSLab RTT AP3,e4:5e:1b:a0:5e:85,-61,13940,75,3542733106,true
4,2024-11-28 14:12:32.471,MCSLab RTT AP2,24:29:34:e1:ef:d4,-70,7827,1021,3542733106,true
4,2024-11-28 14:12:32.471,MCSLab RTT AP3,e4:5e:1b:a0:5e:85,-61,13940,75,3542733106,true
4,2024-11-28 14:12:32.471,MCSLab RTT AP1,24:29:34:e2:4c:36,-55,1421,682,3542733106,true
4,2024-11-28 14:12:32.471,MCSLab RTT AP2,24:29:34:e1:ef:d4,-70,7827,1021,3542733106,true
4,2024-11-28 14:12:32.471,MCSLab RTT AP3,e4:5e:1b:a0:5e:85,-61,13940,75,3542733106,true
4,2024-11-28 14:12:32.471,MCSLab RTT AP1,24:29:34:e2:4c:36,-55,1421,682,3542733106,true
4,2024-11-28 14:12:32.471,MCSLab RTT AP3,b0:e4:d5:88:16:86,-59,1331,1482,3542733106,true
4,2024-11-28 14:12:32.621,MCSLab RTT AP2,24:29:34:e1:ef:d4,-70,7319,1134,3542733255,true
4,2024-11-28 14:12:32.621,MCSLab RTT AP2,24:29:34:e1:ef:d4,-70,7319,1134,3542733255,true
4,2024-11-28 14:12:32.621,MCSLab RTT AP3,e4:5e:1b:a0:5e:85,-61,8325,2413,3542733255,true
4,2024-11-28 14:12:32.621,MCSLab RTT AP2,24:29:34:e1:ef:d4,-70,7319,1134,3542733255,true
4,2024-11-28 14:12:32.621,MCSLab RTT AP3,e4:5e:1b:a0:5e:85,-61,8325,2413,3542733255,true
4,2024-11-28 14:12:32.621,MCSLab RTT AP1,24:29:34:e2:4c:36,-60,2241,702,3542733255,true
4,2024-11-28 14:12:32.621,MCSLab RTT AP2,24:29:34:e1:ef:d4,-70,7319,1134,3542733255,true
4,2024-11-28 14:12:32.621,MCSLab RTT AP3,e4:5e:1b:a0:5e:85,-61,8325,2413,3542733255,true
4,2024-11-28 14:12:32.621,MCSLab RTT AP1,24:29:34:e2:4c:36,-60,2241,702,3542733255,true
4,2024-11-28 14:12:32.621,MCSLab RTT AP3,b0:e4:d5:88:16:86,-62,1331,1325,3542733255,true
4,2024-11-28 14:12:32.758,MCSLab RTT AP2,24:29:34:e1:ef:d4,-70,7827,1034,3542733393,true
4,2024-11-28 14:12:32.758,MCSLab RTT AP2,24:29:34:e1:ef:d4,-70,7827,1034,3542733393,true
4,2024-11-28 14:12:32.758,MCSLab RTT AP3,e4:5e:1b:a0:5e:85,-61,13911,117,3542733393,true
4,2024-11-28 14:12:32.758,MCSLab RTT AP2,24:29:34:e1:ef:d4,-70,7827,1034,3542733393,true
4,2024-11-28 14:12:32.758,MCSLab RTT AP3,e4:5e:1b:a0:5e:85,-61,13911,117,3542733393,true
4,2024-11-28 14:12:32.758,MCSLab RTT AP1,24:29:34:e2:4c:36,-59,2671,626,3542733393,true
4,2024-11-28 14:12:32.758,MCSLab RTT AP2,24:29:34:e1:ef:d4,-70,7827,1034,3542733393,true
4,2024-11-28 14:12:32.758,MCSLab RTT AP3,e4:5e:1b:a0:5e:85,-61,13911,117,3542733393,true
4,2024-11-28 14:12:32.758,MCSLab RTT AP1,24:29:34:e2:4c:36,-59,2671,626,3542733393,true
4,2024-11-28 14:12:32.758,MCSLab RTT AP3,b0:e4:d5:88:16:86,-62,1527,1263,3542733393,true
4,2024-11-28 14:12:32.881,MCSLab RTT AP2,24:29:34:e1:ef:d4,-70,9194,190,3542733516,true
4,2024-11-28 14:12:32.881,MCSLab RTT AP2,24:29:34:e1:ef:d4,-70,9194,190,3542733516,true
4,2024-11-28 14:12:32.881,MCSLab RTT AP3,e4:5e:1b:a0:5e:85,-61,14145,154,3542733516,true
4,2024-11-28 14:12:32.881,MCSLab RTT AP2,24:29:34:e1:ef:d4,-70,9194,190,3542733516,true
4,2024-11-28 14:12:32.881,MCSLab RTT AP3,e4:5e:1b:a0:5e:85,-61,14145,154,3542733516,true
4,2024-11-28 14:12:32.881,MCSLab RTT AP1,24:29:34:e2:4c:36,-60,2163,751,3542733516,true
4,2024-11-28 14:12:32.881,MCSLab RTT AP2,24:29:34:e1:ef:d4,-70,9194,190,3542733516,true
4,2024-11-28 14:12:32.881,MCSLab RTT AP3,e4:5e:1b:a0:5e:85,-61,14145,154,3542733516,true
4,2024-11-28 14:12:32.881,MCSLab RTT AP1,24:29:34:e2:4c:36,-60,2163,751,3542733516,true
4,2024-11-28 14:12:32.881,MCSLab RTT AP3,b0:e4:d5:88:16:86,-60,1566,1290,3542733516,true
4,2024-11-28 14:12:33.029,MCSLab RTT AP2,24:29:34:e1:ef:d4,-71,7710,1120,3542733665,true
4,2024-11-28 14:12:33.029,MCSLab RTT AP2,24:29:34:e1:ef:d4,-71,7710,1120,3542733665,true
4,2024-11-28 14:12:33.029,MCSLab RTT AP3,e4:5e:1b:a0:5e:85,-61,8442,2673,3542733665,true
4,2024-11-28 14:12:33.029,MCSLab RTT AP2,24:29:34:e1:ef:d4,-71,7710,1120,3542733665,true
4,2024-11-28 14:12:33.029,MCSLab RTT AP3,e4:5e:1b:a0:5e:85,-61,8442,2673,3542733665,true
4,2024-11-28 14:12:33.029,MCSLab RTT AP1,24:29:34:e2:4c:36,-59,2827,458,3542733665,true
4,2024-11-28 14:12:33.029,MCSLab RTT AP2,24:29:34:e1:ef:d4,-71,7710,1120,3542733665,true
4,2024-11-28 14:12:33.029,MCSLab RTT AP3,e4:5e:1b:a0:5e:85,-61,8442,2673,3542733665,true
4,2024-11-28 14:12:33.029,MCSLab RTT AP1,24:29:34:e2:4c:36,-59,2827,458,3542733665,true
4,2024-11-28 14:12:33.029,MCSLab RTT AP3,b0:e4:d5:88:16:86,-61,1683,1200,3542733665,true
4,2024-11-28 14:12:33.158,MCSLab RTT AP2,24:29:34:e1:ef:d4,-70,7710,1217,3542733794,true
4,2024-11-28 14:12:33.158,MCSLab RTT AP2,24:29:34:e1:ef:d4,-70,7710,1217,3542733794,true
4,2024-11-28 14:12:33.158,MCSLab RTT AP3,e4:5e:1b:a0:5e:85,-60,13882,112,3542733793,true
4,2024-11-28 14:12:33.158,MCSLab RTT AP2,24:29:34:e1:ef:d4,-70,7710,1217,3542733794,true
4,2024-11-28 14:12:33.158,MCSLab RTT AP3,e4:5e:1b:a0:5e:85,-60,13882,112,3542733793,true
4,2024-11-28 14:12:33.158,MCSLab RTT AP1,24:29:34:e2:4c:36,-59,1694,653,3542733794,true
4,2024-11-28 14:12:33.158,MCSLab RTT AP2,24:29:34:e1:ef:d4,-70,7710,1217,3542733794,true
4,2024-11-28 14:12:33.158,MCSLab RTT AP3,e4:5e:1b:a0:5e:85,-60,13882,112,3542733793,true
4,2024-11-28 14:12:33.158,MCSLab RTT AP1,24:29:34:e2:4c:36,-59,1694,653,3542733794,true
4,2024-11-28 14:12:33.158,MCSLab RTT AP3,b0:e4:d5:88:16:86,-61,1488,1342,3542733793,true
4,2024-11-28 14:12:33.352,MCSLab RTT AP2,24:29:34:e1:ef:d4,-70,7007,1371,3542733978,true
4,2024-11-28 14:12:33.352,MCSLab RTT AP2,24:29:34:e1:ef:d4,-70,7007,1371,3542733978,true
4,2024-11-28 14:12:33.352,MCSLab RTT AP3,e4:5e:1b:a0:5e:85,-61,8364,2617,3542733977,true
4,2024-11-28 14:12:33.352,MCSLab RTT AP2,24:29:34:e1:ef:d4,-70,7007,1371,3542733978,true
4,2024-11-28 14:12:33.352,MCSLab RTT AP3,e4:5e:1b:a0:5e:85,-61,8364,2617,3542733977,true
4,2024-11-28 14:12:33.352,MCSLab RTT AP1,24:29:34:e2:4c:36,-53,1421,934,3542733978,true
4,2024-11-28 14:12:33.352,MCSLab RTT AP2,24:29:34:e1:ef:d4,-70,7007,1371,3542733978,true
4,2024-11-28 14:12:33.352,MCSLab RTT AP3,e4:5e:1b:a0:5e:85,-61,8364,2617,3542733977,true
4,2024-11-28 14:12:33.352,MCSLab RTT AP1,24:29:34:e2:4c:36,-53,1421,934,3542733978,true
4,2024-11-28 14:12:33.352,MCSLab RTT AP3,b0:e4:d5:88:16:86,-60,1448,1257,3542733977,true
4,2024-11-28 14:12:33.476,MCSLab RTT AP2,24:29:34:e1:ef:d4,-70,8569,819,3542734107,true
4,2024-11-28 14:12:33.476,MCSLab RTT AP2,24:29:34:e1:ef:d4,-70,8569,819,3542734107,true
4,2024-11-28 14:12:33.476,MCSLab RTT AP3,e4:5e:1b:a0:5e:85,-61,13852,138,3542734107,true
4,2024-11-28 14:12:33.476,MCSLab RTT AP2,24:29:34:e1:ef:d4,-70,8569,819,3542734107,true
4,2024-11-28 14:12:33.476,MCSLab RTT AP3,e4:5e:1b:a0:5e:85,-61,13852,138,3542734107,true
4,2024-11-28 14:12:33.476,MCSLab RTT AP1,24:29:34:e2:4c:36,-60,2241,683,3542734107,true
4,2024-11-28 14:12:33.476,MCSLab RTT AP2,24:29:34:e1:ef:d4,-70,8569,819,3542734107,true
4,2024-11-28 14:12:33.476,MCSLab RTT AP3,e4:5e:1b:a0:5e:85,-61,13852,138,3542734107,true
4,2024-11-28 14:12:33.476,MCSLab RTT AP1,24:29:34:e2:4c:36,-60,2241,683,3542734107,true
4,2024-11-28 14:12:33.476,MCSLab RTT AP3,b0:e4:d5:88:16:86,-60,1331,1347,3542734107,true
4,2024-11-28 14:12:33.652,MCSLab RTT AP2,24:29:34:e1:ef:d4,-70,7202,1222,3542734288,true
4,2024-11-28 14:12:33.652,MCSLab RTT AP2,24:29:34:e1:ef:d4,-70,7202,1222,3542734288,true
4,2024-11-28 14:12:33.652,MCSLab RTT AP3,e4:5e:1b:a0:5e:85,-61,8364,2622,3542734287,true
4,2024-11-28 14:12:33.652,MCSLab RTT AP2,24:29:34:e1:ef:d4,-70,7202,1222,3542734288,true
4,2024-11-28 14:12:33.652,MCSLab RTT AP3,e4:5e:1b:a0:5e:85,-61,8364,2622,3542734287,true
4,2024-11-28 14:12:33.652,MCSLab RTT AP1,24:29:34:e2:4c:36,-52,1377,931,3542734287,true
4,2024-11-28 14:12:33.652,MCSLab RTT AP2,24:29:34:e1:ef:d4,-70,7202,1222,3542734288,true
4,2024-11-28 14:12:33.652,MCSLab RTT AP3,e4:5e:1b:a0:5e:85,-61,8364,2622,3542734287,true
4,2024-11-28 14:12:33.652,MCSLab RTT AP1,24:29:34:e2:4c:36,-52,1377,931,3542734287,true
4,2024-11-28 14:12:33.652,MCSLab RTT AP3,b0:e4:d5:88:16:86,-60,1292,1394,3542734287,true
4,2024-11-28 14:12:33.804,MCSLab RTT AP2,24:29:34:e1:ef:d4,-71,7788,1105,3542734439,true
4,2024-11-28 14:12:33.804,MCSLab RTT AP2,24:29:34:e1:ef:d4,-71,7788,1105,3542734439,true
4,2024-11-28 14:12:33.804,MCSLab RTT AP3,e4:5e:1b:a0:5e:85,-61,13852,74,3542734439,true
4,2024-11-28 14:12:33.804,MCSLab RTT AP2,24:29:34:e1:ef:d4,-71,7788,1105,3542734439,true
4,2024-11-28 14:12:33.804,MCSLab RTT AP3,e4:5e:1b:a0:5e:85,-61,13852,74,3542734439,true
4,2024-11-28 14:12:33.804,MCSLab RTT AP1,24:29:34:e2:4c:36,-59,2915,484,3542734439,true
4,2024-11-28 14:12:33.804,MCSLab RTT AP2,24:29:34:e1:ef:d4,-71,7788,1105,3542734439,true
4,2024-11-28 14:12:33.804,MCSLab RTT AP3,e4:5e:1b:a0:5e:85,-61,13852,74,3542734439,true
4,2024-11-28 14:12:33.804,MCSLab RTT AP1,24:29:34:e2:4c:36,-59,2915,484,3542734439,true
4,2024-11-28 14:12:33.804,MCSLab RTT AP3,b0:e4:d5:88:16:86,-60,1487,1325,3542734438,true
4,2024-11-28 14:12:33.956,MCSLab RTT AP2,24:29:34:e1:ef:d4,-70,7241,1239,3542734590,true
4,2024-11-28 14:12:33.956,MCSLab RTT AP2,24:29:34:e1:ef:d4,-70,7241,1239,3542734590,true
4,2024-11-28 14:12:33.956,MCSLab RTT AP3,e4:5e:1b:a0:5e:85,-61,8638,2088,3542734590,true
4,2024-11-28 14:12:33.956,MCSLab RTT AP2,24:29:34:e1:ef:d4,-70,7241,1239,3542734590,true
4,2024-11-28 14:12:33.956,MCSLab RTT AP3,e4:5e:1b:a0:5e:85,-61,8638,2088,3542734590,true
4,2024-11-28 14:12:33.956,MCSLab RTT AP1,24:29:34:e2:4c:36,-59,2085,894,3542734590,true
4,2024-11-28 14:12:33.956,MCSLab RTT AP2,24:29:34:e1:ef:d4,-70,7241,1239,3542734590,true
4,2024-11-28 14:12:33.956,MCSLab RTT AP3,e4:5e:1b:a0:5e:85,-61,8638,2088,3542734590,true
4,2024-11-28 14:12:33.956,MCSLab RTT AP1,24:29:34:e2:4c:36,-59,2085,894,3542734590,true
4,2024-11-28 14:12:33.956,MCSLab RTT AP3,b0:e4:d5:88:16:86,-60,1409,1351,3542734589,true
4,2024-11-28 14:12:34.109,MCSLab RTT AP2,24:29:34:e1:ef:d4,-70,7124,1289,3542734744,true
4,2024-11-28 14:12:34.109,MCSLab RTT AP2,24:29:34:e1:ef:d4,-70,7124,1289,3542734744,true
4,2024-11-28 14:12:34.109,MCSLab RTT AP3,e4:5e:1b:a0:5e:85,-57,8403,2601,3542734744,true
4,2024-11-28 14:12:34.109,MCSLab RTT AP2,24:29:34:e1:ef:d4,-70,7124,1289,3542734744,true
4,2024-11-28 14:12:34.109,MCSLab RTT AP3,e4:5e:1b:a0:5e:85,-57,8403,2601,3542734744,true
4,2024-11-28 14:12:34.109,MCSLab RTT AP1,24:29:34:e2:4c:36,-59,2163,816,3542734744,true
4,2024-11-28 14:12:34.109,MCSLab RTT AP2,24:29:34:e1:ef:d4,-70,7124,1289,3542734744,true
4,2024-11-28 14:12:34.109,MCSLab RTT AP3,e4:5e:1b:a0:5e:85,-57,8403,2601,3542734744,true
4,2024-11-28 14:12:34.109,MCSLab RTT AP1,24:29:34:e2:4c:36,-59,2163,816,3542734744,true
4,2024-11-28 14:12:34.109,MCSLab RTT AP3,b0:e4:d5:88:16:86,-60,1370,1355,3542734744,true
4,2024-11-28 14:12:34.254,MCSLab RTT AP2,24:29:34:e1:ef:d4,-70,7593,1246,3542734889,true
4,2024-11-28 14:12:34.254,MCSLab RTT AP2,24:29:34:e1:ef:d4,-70,7593,1246,3542734889,true
4,2024-11-28 14:12:34.254,MCSLab RTT AP3,e4:5e:1b:a0:5e:85,-61,8403,2715,3542734889,true
4,2024-11-28 14:12:34.254,MCSLab RTT AP2,24:29:34:e1:ef:d4,-70,7593,1246,3542734889,true
4,2024-11-28 14:12:34.254,MCSLab RTT AP3,e4:5e:1b:a0:5e:85,-61,8403,2715,3542734889,true
4,2024-11-28 14:12:34.254,MCSLab RTT AP1,24:29:34:e2:4c:36,-59,1538,619,3542734889,true
4,2024-11-28 14:12:34.254,MCSLab RTT AP2,24:29:34:e1:ef:d4,-70,7593,1246,3542734889,true
4,2024-11-28 14:12:34.254,MCSLab RTT AP3,e4:5e:1b:a0:5e:85,-61,8403,2715,3542734889,true
4,2024-11-28 14:12:34.254,MCSLab RTT AP1,24:29:34:e2:4c:36,-59,1538,619,3542734889,true
4,2024-11-28 14:12:34.254,MCSLab RTT AP3,b0:e4:d5:88:16:86,-55,1449,1339,3542734889,true
4,2024-11-28 14:12:34.409,MCSLab RTT AP2,24:29:34:e1:ef:d4,-70,7866,1090,3542735044,true
4,2024-11-28 14:12:34.409,MCSLab RTT AP2,24:29:34:e1:ef:d4,-70,7866,1090,3542735044,true
4,2024-11-28 14:12:34.409,MCSLab RTT AP3,e4:5e:1b:a0:5e:85,-61,13940,68,3542735044,true
4,2024-11-28 14:12:34.409,MCSLab RTT AP2,24:29:34:e1:ef:d4,-70,7866,1090,3542735044,true
4,2024-11-28 14:12:34.409,MCSLab RTT AP3,e4:5e:1b:a0:5e:85,-61,13940,68,3542735044,true
4,2024-11-28 14:12:34.409,MCSLab RTT AP1,24:29:34:e2:4c:36,-59,1108,868,3542735044,true
4,2024-11-28 14:12:34.409,MCSLab RTT AP2,24:29:34:e1:ef:d4,-70,7866,1090,3542735044,true
4,2024-11-28 14:12:34.409,MCSLab RTT AP3,e4:5e:1b:a0:5e:85,-61,13940,68,3542735044,true
4,2024-11-28 14:12:34.409,MCSLab RTT AP1,24:29:34:e2:4c:36,-59,1108,868,3542735044,true
4,2024-11-28 14:12:34.409,MCSLab RTT AP3,b0:e4:d5:88:16:86,-60,1448,1390,3542735044,true
4,2024-11-28 14:12:34.599,MCSLab RTT AP2,24:29:34:e1:ef:d4,-64,7705,1120,3542735227,true
4,2024-11-28 14:12:34.599,MCSLab RTT AP2,24:29:34:e1:ef:d4,-64,7705,1120,3542735227,true
4,2024-11-28 14:12:34.599,MCSLab RTT AP3,e4:5e:1b:a0:5e:85,-61,8364,2644,3542735227,true
4,2024-11-28 14:12:34.599,MCSLab RTT AP2,24:29:34:e1:ef:d4,-64,7705,1120,3542735227,true
4,2024-11-28 14:12:34.599,MCSLab RTT AP3,e4:5e:1b:a0:5e:85,-61,8364,2644,3542735227,true
4,2024-11-28 14:12:34.599,MCSLab RTT AP1,24:29:34:e2:4c:36,-59,1421,739,3542735227,true
4,2024-11-28 14:12:34.599,MCSLab RTT AP2,24:29:34:e1:ef:d4,-64,7705,1120,3542735227,true
4,2024-11-28 14:12:34.599,MCSLab RTT AP3,e4:5e:1b:a0:5e:85,-61,8364,2644,3542735227,true
4,2024-11-28 14:12:34.599,MCSLab RTT AP1,24:29:34:e2:4c:36,-59,1421,739,3542735227,true
4,2024-11-28 14:12:34.599,MCSLab RTT AP3,b0:e4:d5:88:16:86,-60,1292,1765,3542735227,true
4,2024-11-28 14:12:34.758,MCSLab RTT AP2,24:29:34:e1:ef:d4,-71,7046,1371,3542735395,true
4,2024-11-28 14:12:34.758,MCSLab RTT AP2,24:29:34:e1:ef:d4,-71,7046,1371,3542735395,true
4,2024-11-28 14:12:34.758,MCSLab RTT AP3,e4:5e:1b:a0:5e:85,-58,8566,2524,3542735395,true
4,2024-11-28 14:12:34.758,MCSLab RTT AP2,24:29:34:e1:ef:d4,-71,7046,1371,3542735395,true
4,2024-11-28 14:12:34.758,MCSLab RTT AP3,e4:5e:1b:a0:5e:85,-58,8566,2524,3542735395,true
4,2024-11-28 14:12:34.758,MCSLab RTT AP1,24:29:34:e2:4c:36,-59,1616,688,3542735395,true
4,2024-11-28 14:12:34.758,MCSLab RTT AP2,24:29:34:e1:ef:d4,-71,7046,1371,3542735395,true
4,2024-11-28 14:12:34.758,MCSLab RTT AP3,e4:5e:1b:a0:5e:85,-58,8566,2524,3542735395,true
4,2024-11-28 14:12:34.758,MCSLab RTT AP1,24:29:34:e2:4c:36,-59,1616,688,3542735395,true
4,2024-11-28 14:12:34.758,MCSLab RTT AP3,b0:e4:d5:88:16:86,-61,1527,1958,3542735395,true
4,2024-11-28 14:12:34.860,MCSLab RTT AP2,24:29:34:e1:ef:d4,-70,7983,1008,3542735497,true
4,2024-11-28 14:12:34.860,MCSLab RTT AP2,24:29:34:e1:ef:d4,-70,7983,1008,3542735497,true
4,2024-11-28 14:12:34.860,MCSLab RTT AP3,e4:5e:1b:a0:5e:85,-61,8247,2155,3542735497,true
4,2024-11-28 14:12:34.860,MCSLab RTT AP2,24:29:34:e1:ef:d4,-70,7983,1008,3542735497,true
4,2024-11-28 14:12:34.860,MCSLab RTT AP3,e4:5e:1b:a0:5e:85,-61,8247,2155,3542735497,true
4,2024-11-28 14:12:34.860,MCSLab RTT AP1,24:29:34:e2:4c:36,-59,2007,869,3542735497,true
4,2024-11-28 14:12:34.860,MCSLab RTT AP2,24:29:34:e1:ef:d4,-70,7983,1008,3542735497,true
4,2024-11-28 14:12:34.860,MCSLab RTT AP3,e4:5e:1b:a0:5e:85,-61,8247,2155,3542735497,true
4,2024-11-28 14:12:34.860,MCSLab RTT AP1,24:29:34:e2:4c:36,-59,2007,869,3542735497,true
4,2024-11-28 14:12:34.860,MCSLab RTT AP3,b0:e4:d5:88:16:86,-61,1683,1931,3542735497,true
4,2024-11-28 14:12:34.971,MCSLab RTT AP2,24:29:34:e1:ef:d4,-71,9116,331,3542735608,true
4,2024-11-28 14:12:34.971,MCSLab RTT AP2,24:29:34:e1:ef:d4,-71,9116,331,3542735608,true
4,2024-11-28 14:12:34.971,MCSLab RTT AP3,e4:5e:1b:a0:5e:85,-61,14057,107,3542735608,true
4,2024-11-28 14:12:34.971,MCSLab RTT AP2,24:29:34:e1:ef:d4,-71,9116,331,3542735608,true
4,2024-11-28 14:12:34.971,MCSLab RTT AP3,e4:5e:1b:a0:5e:85,-61,14057,107,3542735608,true
4,2024-11-28 14:12:34.971,MCSLab RTT AP1,24:29:34:e2:4c:36,-54,908,958,3542735608,true
4,2024-11-28 14:12:34.971,MCSLab RTT AP2,24:29:34:e1:ef:d4,-71,9116,331,3542735608,true
4,2024-11-28 14:12:34.971,MCSLab RTT AP3,e4:5e:1b:a0:5e:85,-61,14057,107,3542735608,true
4,2024-11-28 14:12:34.971,MCSLab RTT AP1,24:29:34:e2:4c:36,-54,908,958,3542735608,true
4,2024-11-28 14:12:34.971,MCSLab RTT AP3,b0:e4:d5:88:16:86,-61,1527,1650,3542735608,true
4,2024-11-28 14:12:35.094,MCSLab RTT AP2,24:29:34:e1:ef:d4,-71,7866,1053,3542735731,true
4,2024-11-28 14:12:35.094,MCSLab RTT AP2,24:29:34:e1:ef:d4,-71,7866,1053,3542735731,true
4,2024-11-28 14:12:35.094,MCSLab RTT AP3,e4:5e:1b:a0:5e:85,-61,8403,2724,3542735731,true
4,2024-11-28 14:12:35.094,MCSLab RTT AP2,24:29:34:e1:ef:d4,-71,7866,1053,3542735731,true
4,2024-11-28 14:12:35.094,MCSLab RTT AP3,e4:5e:1b:a0:5e:85,-61,8403,2724,3542735731,true
4,2024-11-28 14:12:35.094,MCSLab RTT AP1,24:29:34:e2:4c:36,-59,2085,847,3542735731,true
4,2024-11-28 14:12:35.094,MCSLab RTT AP2,24:29:34:e1:ef:d4,-71,7866,1053,3542735731,true
4,2024-11-28 14:12:35.094,MCSLab RTT AP3,e4:5e:1b:a0:5e:85,-61,8403,2724,3542735731,true
4,2024-11-28 14:12:35.094,MCSLab RTT AP1,24:29:34:e2:4c:36,-59,2085,847,3542735731,true
4,2024-11-28 14:12:35.094,MCSLab RTT AP3,b0:e4:d5:88:16:86,-61,1683,1638,3542735731,true
4,2024-11-28 14:12:35.288,MCSLab RTT AP2,24:29:34:e1:ef:d4,-71,8491,794,3542735923,true
4,2024-11-28 14:12:35.288,MCSLab RTT AP2,24:29:34:e1:ef:d4,-71,8491,794,3542735923,true
4,2024-11-28 14:12:35.288,MCSLab RTT AP3,e4:5e:1b:a0:5e:85,-61,8247,2648,3542735923,true
4,2024-11-28 14:12:35.288,MCSLab RTT AP2,24:29:34:e1:ef:d4,-71,8491,794,3542735923,true
4,2024-11-28 14:12:35.288,MCSLab RTT AP3,e4:5e:1b:a0:5e:85,-61,8247,2648,3542735923,true
4,2024-11-28 14:12:35.288,MCSLab RTT AP1,24:29:34:e2:4c:36,-55,1377,809,3542735923,true
4,2024-11-28 14:12:35.288,MCSLab RTT AP2,24:29:34:e1:ef:d4,-71,8491,794,3542735923,true
4,2024-11-28 14:12:35.288,MCSLab RTT AP3,e4:5e:1b:a0:5e:85,-61,8247,2648,3542735923,true
4,2024-11-28 14:12:35.288,MCSLab RTT AP1,24:29:34:e2:4c:36,-55,1377,809,3542735923,true
4,2024-11-28 14:12:35.288,MCSLab RTT AP3,b0:e4:d5:88:16:86,-61,1683,1624,3542735923,true
4,2024-11-28 14:12:35.445,MCSLab RTT AP2,24:29:34:e1:ef:d4,-70,8530,747,3542736079,true
4,2024-11-28 14:12:35.445,MCSLab RTT AP2,24:29:34:e1:ef:d4,-70,8530,747,3542736079,true
4,2024-11-28 14:12:35.445,MCSLab RTT AP3,e4:5e:1b:a0:5e:85,-61,8169,2465,3542736079,true
4,2024-11-28 14:12:35.445,MCSLab RTT AP2,24:29:34:e1:ef:d4,-70,8530,747,3542736079,true
4,2024-11-28 14:12:35.445,MCSLab RTT AP3,e4:5e:1b:a0:5e:85,-61,8169,2465,3542736079,true
4,2024-11-28 14:12:35.445,MCSLab RTT AP1,24:29:34:e2:4c:36,-59,1264,790,3542736079,true
4,2024-11-28 14:12:35.445,MCSLab RTT AP2,24:29:34:e1:ef:d4,-70,8530,747,3542736079,true
4,2024-11-28 14:12:35.445,MCSLab RTT AP3,e4:5e:1b:a0:5e:85,-61,8169,2465,3542736079,true
4,2024-11-28 14:12:35.445,MCSLab RTT AP1,24:29:34:e2:4c:36,-59,1264,790,3542736079,true
4,2024-11-28 14:12:35.445,MCSLab RTT AP3,b0:e4:d5:88:16:86,-61,1839,1291,3542736079,true
4,2024-11-28 14:12:35.647,MCSLab RTT AP2,24:29:34:e1:ef:d4,-70,7905,1055,3542736282,true
4,2024-11-28 14:12:35.647,MCSLab RTT AP2,24:29:34:e1:ef:d4,-70,7905,1055,3542736282,true
4,2024-11-28 14:12:35.647,MCSLab RTT AP3,e4:5e:1b:a0:5e:85,-61,8286,2634,3542736282,true
4,2024-11-28 14:12:35.647,MCSLab RTT AP2,24:29:34:e1:ef:d4,-70,7905,1055,3542736282,true
4,2024-11-28 14:12:35.647,MCSLab RTT AP3,e4:5e:1b:a0:5e:85,-61,8286,2634,3542736282,true
4,2024-11-28 14:12:35.647,MCSLab RTT AP1,24:29:34:e2:4c:36,-59,1889,896,3542736282,true
4,2024-11-28 14:12:35.647,MCSLab RTT AP2,24:29:34:e1:ef:d4,-70,7905,1055,3542736282,true
4,2024-11-28 14:12:35.647,MCSLab RTT AP3,e4:5e:1b:a0:5e:85,-61,8286,2634,3542736282,true
4,2024-11-28 14:12:35.647,MCSLab RTT AP1,24:29:34:e2:4c:36,-59,1889,896,3542736282,true
4,2024-11-28 14:12:35.647,MCSLab RTT AP3,b0:e4:d5:88:16:86,-56,1683,1305,3542736282,true
4,2024-11-28 14:12:35.788,MCSLab RTT AP2,24:29:34:e1:ef:d4,-70,8530,874,3542736423,true
4,2024-11-28 14:12:35.788,MCSLab RTT AP2,24:29:34:e1:ef:d4,-70,8530,874,3542736423,true
4,2024-11-28 14:12:35.788,MCSLab RTT AP3,e4:5e:1b:a0:5e:85,-61,13852,111,3542736423,true
4,2024-11-28 14:12:35.788,MCSLab RTT AP2,24:29:34:e1:ef:d4,-70,8530,874,3542736423,true
4,2024-11-28 14:12:35.788,MCSLab RTT AP3,e4:5e:1b:a0:5e:85,-61,13852,111,3542736423,true
4,2024-11-28 14:12:35.788,MCSLab RTT AP1,24:29:34:e2:4c:36,-59,1225,833,3542736423,true
4,2024-11-28 14:12:35.788,MCSLab RTT AP2,24:29:34:e1:ef:d4,-70,8530,874,3542736423,true
4,2024-11-28 14:12:35.788,MCSLab RTT AP3,e4:5e:1b:a0:5e:85,-61,13852,111,3542736423,true
4,2024-11-28 14:12:35.788,MCSLab RTT AP1,24:29:34:e2:4c:36,-59,1225,833,3542736423,true
4,2024-11-28 14:12:35.788,MCSLab RTT AP3,b0:e4:d5:88:16:86,-60,1527,1930,3542736423,true
4,2024-11-28 14:12:35.920,MCSLab RTT AP2,24:29:34:e1:ef:d4,-71,7202,1201,3542736555,true
4,2024-11-28 14:12:35.920,MCSLab RTT AP2,24:29:34:e1:ef:d4,-71,7202,1201,3542736555,true
4,2024-11-28 14:12:35.920,MCSLab RTT AP3,e4:5e:1b:a0:5e:85,-61,13882,135,3542736555,true
4,2024-11-28 14:12:35.920,MCSLab RTT AP2,24:29:34:e1:ef:d4,-71,7202,1201,3542736555,true
4,2024-11-28 14:12:35.920,MCSLab RTT AP3,e4:5e:1b:a0:5e:85,-61,13882,135,3542736555,true
4,2024-11-28 14:12:35.920,MCSLab RTT AP1,24:29:34:e2:4c:36,-59,2280,827,3542736555,true
4,2024-11-28 14:12:35.920,MCSLab RTT AP2,24:29:34:e1:ef:d4,-71,7202,1201,3542736555,true
4,2024-11-28 14:12:35.920,MCSLab RTT AP3,e4:5e:1b:a0:5e:85,-61,13882,135,3542736555,true
4,2024-11-28 14:12:35.920,MCSLab RTT AP1,24:29:34:e2:4c:36,-59,2280,827,3542736555,true
4,2024-11-28 14:12:35.920,MCSLab RTT AP3,b0:e4:d5:88:16:86,-60,1566,1465,3542736555,true
4,2024-11-28 14:12:36.105,MCSLab RTT AP2,24:29:34:e1:ef:d4,-70,7124,1286,3542736738,true
4,2024-11-28 14:12:36.105,MCSLab RTT AP2,24:29:34:e1:ef:d4,-70,7124,1286,3542736738,true
4,2024-11-28 14:12:36.105,MCSLab RTT AP3,e4:5e:1b:a0:5e:85,-61,8247,2338,3542736737,true
4,2024-11-28 14:12:36.105,MCSLab RTT AP2,24:29:34:e1:ef:d4,-70,7124,1286,3542736738,true
4,2024-11-28 14:12:36.105,MCSLab RTT AP3,e4:5e:1b:a0:5e:85,-61,8247,2338,3542736737,true
4,2024-11-28 14:12:36.105,MCSLab RTT AP1,24:29:34:e2:4c:36,-59,1577,676,3542736738,true
4,2024-11-28 14:12:36.105,MCSLab RTT AP2,24:29:34:e1:ef:d4,-70,7124,1286,3542736738,true
4,2024-11-28 14:12:36.105,MCSLab RTT AP3,e4:5e:1b:a0:5e:85,-61,8247,2338,3542736737,true
4,2024-11-28 14:12:36.105,MCSLab RTT AP1,24:29:34:e2:4c:36,-59,1577,676,3542736738,true
4,2024-11-28 14:12:36.105,MCSLab RTT AP3,b0:e4:d5:88:16:86,-60,1800,1334,3542736737,true
4,2024-11-28 14:12:36.191,MCSLab RTT AP2,24:29:34:e1:ef:d4,-71,7944,981,3542736829,true
4,2024-11-28 14:12:36.191,MCSLab RTT AP2,24:29:34:e1:ef:d4,-71,7944,981,3542736829,true
4,2024-11-28 14:12:36.191,MCSLab RTT AP3,e4:5e:1b:a0:5e:85,-61,13882,139,3542736829,true
4,2024-11-28 14:12:36.191,MCSLab RTT AP2,24:29:34:e1:ef:d4,-71,7944,981,3542736829,true
4,2024-11-28 14:12:36.191,MCSLab RTT AP3,e4:5e:1b:a0:5e:85,-61,13882,139,3542736829,true
4,2024-11-28 14:12:36.191,MCSLab RTT AP1,24:29:34:e2:4c:36,-59,1264,791,3542736829,true
4,2024-11-28 14:12:36.191,MCSLab RTT AP2,24:29:34:e1:ef:d4,-71,7944,981,3542736829,true
4,2024-11-28 14:12:36.191,MCSLab RTT AP3,e4:5e:1b:a0:5e:85,-61,13882,139,3542736829,true
4,2024-11-28 14:12:36.191,MCSLab RTT AP1,24:29:34:e2:4c:36,-59,1264,791,3542736829,true
4,2024-11-28 14:12:36.191,MCSLab RTT AP3,b0:e4:d5:88:16:86,-60,1527,1648,3542736829,true
4,2024-11-28 14:12:36.311,MCSLab RTT AP2,24:29:34:e1:ef:d4,-70,7905,1130,3542736948,true
4,2024-11-28 14:12:36.311,MCSLab RTT AP2,24:29:34:e1:ef:d4,-70,7905,1130,3542736948,true
4,2024-11-28 14:12:36.311,MCSLab RTT AP3,e4:5e:1b:a0:5e:85,-61,8325,2591,3542736947,true
4,2024-11-28 14:12:36.311,MCSLab RTT AP2,24:29:34:e1:ef:d4,-70,7905,1130,3542736948,true
4,2024-11-28 14:12:36.311,MCSLab RTT AP3,e4:5e:1b:a0:5e:85,-61,8325,2591,3542736947,true
4,2024-11-28 14:12:36.311,MCSLab RTT AP1,24:29:34:e2:4c:36,-59,1460,694,3542736947,true
4,2024-11-28 14:12:36.311,MCSLab RTT AP2,24:29:34:e1:ef:d4,-70,7905,1130,3542736948,true
4,2024-11-28 14:12:36.311,MCSLab RTT AP3,e4:5e:1b:a0:5e:85,-61,8325,2591,3542736947,true
4,2024-11-28 14:12:36.311,MCSLab RTT AP1,24:29:34:e2:4c:36,-59,1460,694,3542736947,true
4,2024-11-28 14:12:36.311,MCSLab RTT AP3,b0:e4:d5:88:16:86,-60,1370,1663,3542736947,true
4,2024-11-28 14:12:36.424,MCSLab RTT AP2,24:29:34:e1:ef:d4,-71,8022,988,3542737059,true
4,2024-11-28 14:12:36.424,MCSLab RTT AP2,24:29:34:e1:ef:d4,-71,8022,988,3542737059,true
4,2024-11-28 14:12:36.424,MCSLab RTT AP3,e4:5e:1b:a0:5e:85,-61,8286,2597,3542737059,true
4,2024-11-28 14:12:36.424,MCSLab RTT AP2,24:29:34:e1:ef:d4,-71,8022,988,3542737059,true
4,2024-11-28 14:12:36.424,MCSLab RTT AP3,e4:5e:1b:a0:5e:85,-61,8286,2597,3542737059,true
4,2024-11-28 14:12:36.424,MCSLab RTT AP1,24:29:34:e2:4c:36,-59,1342,793,3542737059,true
4,2024-11-28 14:12:36.424,MCSLab RTT AP2,24:29:34:e1:ef:d4,-71,8022,988,3542737059,true
4,2024-11-28 14:12:36.424,MCSLab RTT AP3,e4:5e:1b:a0:5e:85,-61,8286,2597,3542737059,true
4,2024-11-28 14:12:36.424,MCSLab RTT AP1,24:29:34:e2:4c:36,-59,1342,793,3542737059,true
4,2024-11-28 14:12:36.424,MCSLab RTT AP3,b0:e4:d5:88:16:86,-60,1566,1463,3542737059,true
4,2024-11-28 14:12:36.567,MCSLab RTT AP2,24:29:34:e1:ef:d4,-70,8061,1007,3542737205,true
4,2024-11-28 14:12:36.567,MCSLab RTT AP2,24:29:34:e1:ef:d4,-70,8061,1007,3542737205,true
4,2024-11-28 14:12:36.567,MCSLab RTT AP3,e4:5e:1b:a0:5e:85,-61,8325,2051,3542737205,true
4,2024-11-28 14:12:36.567,MCSLab RTT AP2,24:29:34:e1:ef:d4,-70,8061,1007,3542737205,true
4,2024-11-28 14:12:36.567,MCSLab RTT AP3,e4:5e:1b:a0:5e:85,-61,8325,2051,3542737205,true
4,2024-11-28 14:12:36.567,MCSLab RTT AP1,24:29:34:e2:4c:36,-59,2436,603,3542737205,true
4,2024-11-28 14:12:36.567,MCSLab RTT AP2,24:29:34:e1:ef:d4,-70,8061,1007,3542737205,true
4,2024-11-28 14:12:36.567,MCSLab RTT AP3,e4:5e:1b:a0:5e:85,-61,8325,2051,3542737205,true
4,2024-11-28 14:12:36.567,MCSLab RTT AP1,24:29:34:e2:4c:36,-59,2436,603,3542737205,true
4,2024-11-28 14:12:36.567,MCSLab RTT AP3,b0:e4:d5:88:16:86,-59,1644,1270,3542737205,true
4,2024-11-28 14:12:36.706,MCSLab RTT AP2,24:29:34:e1:ef:d4,-70,7280,1195,3542737342,true
4,2024-11-28 14:12:36.706,MCSLab RTT AP2,24:29:34:e1:ef:d4,-70,7280,1195,3542737342,true
4,2024-11-28 14:12:36.706,MCSLab RTT AP3,e4:5e:1b:a0:5e:85,-57,8325,2664,3542737341,true
4,2024-11-28 14:12:36.706,MCSLab RTT AP2,24:29:34:e1:ef:d4,-70,7280,1195,3542737342,true
4,2024-11-28 14:12:36.706,MCSLab RTT AP3,e4:5e:1b:a0:5e:85,-57,8325,2664,3542737341,true
4,2024-11-28 14:12:36.706,MCSLab RTT AP1,24:29:34:e2:4c:36,-59,1577,679,3542737341,true
4,2024-11-28 14:12:36.706,MCSLab RTT AP2,24:29:34:e1:ef:d4,-70,7280,1195,3542737342,true
4,2024-11-28 14:12:36.706,MCSLab RTT AP3,e4:5e:1b:a0:5e:85,-57,8325,2664,3542737341,true
4,2024-11-28 14:12:36.706,MCSLab RTT AP1,24:29:34:e2:4c:36,-59,1577,679,3542737341,true
4,2024-11-28 14:12:36.706,MCSLab RTT AP3,b0:e4:d5:88:16:86,-61,1409,1640,3542737341,true
4,2024-11-28 14:12:36.839,MCSLab RTT AP2,24:29:34:e1:ef:d4,-70,7007,1368,3542737474,true
4,2024-11-28 14:12:36.839,MCSLab RTT AP2,24:29:34:e1:ef:d4,-70,7007,1368,3542737474,true
4,2024-11-28 14:12:36.839,MCSLab RTT AP3,e4:5e:1b:a0:5e:85,-61,8403,2548,3542737474,true
4,2024-11-28 14:12:36.839,MCSLab RTT AP2,24:29:34:e1:ef:d4,-70,7007,1368,3542737474,true
4,2024-11-28 14:12:36.839,MCSLab RTT AP3,e4:5e:1b:a0:5e:85,-61,8403,2548,3542737474,true
4,2024-11-28 14:12:36.839,MCSLab RTT AP1,24:29:34:e2:4c:36,-59,1342,759,3542737474,true
4,2024-11-28 14:12:36.839,MCSLab RTT AP2,24:29:34:e1:ef:d4,-70,7007,1368,3542737474,true
4,2024-11-28 14:12:36.839,MCSLab RTT AP3,e4:5e:1b:a0:5e:85,-61,8403,2548,3542737474,true
4,2024-11-28 14:12:36.839,MCSLab RTT AP1,24:29:34:e2:4c:36,-59,1342,759,3542737474,true
4,2024-11-28 14:12:36.839,MCSLab RTT AP3,b0:e4:d5:88:16:86,-60,1488,1477,3542737474,true
4,2024-11-28 14:12:37.035,MCSLab RTT AP2,24:29:34:e1:ef:d4,-70,7788,1093,3542737670,true
4,2024-11-28 14:12:37.035,MCSLab RTT AP2,24:29:34:e1:ef:d4,-70,7788,1093,3542737670,true
4,2024-11-28 14:12:37.035,MCSLab RTT AP3,e4:5e:1b:a0:5e:85,-60,13677,99,3542737670,true
4,2024-11-28 14:12:37.035,MCSLab RTT AP2,24:29:34:e1:ef:d4,-70,7788,1093,3542737670,true
4,2024-11-28 14:12:37.035,MCSLab RTT AP3,e4:5e:1b:a0:5e:85,-60,13677,99,3542737670,true
4,2024-11-28 14:12:37.035,MCSLab RTT AP1,24:29:34:e2:4c:36,-55,1421,1323,3542737670,true
4,2024-11-28 14:12:37.035,MCSLab RTT AP2,24:29:34:e1:ef:d4,-70,7788,1093,3542737670,true
4,2024-11-28 14:12:37.035,MCSLab RTT AP3,e4:5e:1b:a0:5e:85,-60,13677,99,3542737670,true
4,2024-11-28 14:12:37.035,MCSLab RTT AP1,24:29:34:e2:4c:36,-55,1421,1323,3542737670,true
4,2024-11-28 14:12:37.035,MCSLab RTT AP3,b0:e4:d5:88:16:86,-60,1605,1401,3542737669,true
4,2024-11-28 14:12:37.179,MCSLab RTT AP2,24:29:34:e1:ef:d4,-70,8530,795,3542737815,true
4,2024-11-28 14:12:37.179,MCSLab RTT AP2,24:29:34:e1:ef:d4,-70,8530,795,3542737815,true
4,2024-11-28 14:12:37.179,MCSLab RTT AP3,e4:5e:1b:a0:5e:85,-61,8286,2301,3542737815,true
4,2024-11-28 14:12:37.179,MCSLab RTT AP2,24:29:34:e1:ef:d4,-70,8530,795,3542737815,true
4,2024-11-28 14:12:37.179,MCSLab RTT AP3,e4:5e:1b:a0:5e:85,-61,8286,2301,3542737815,true
4,2024-11-28 14:12:37.179,MCSLab RTT AP1,24:29:34:e2:4c:36,-59,1147,861,3542737815,true
4,2024-11-28 14:12:37.179,MCSLab RTT AP2,24:29:34:e1:ef:d4,-70,8530,795,3542737815,true
4,2024-11-28 14:12:37.179,MCSLab RTT AP3,e4:5e:1b:a0:5e:85,-61,8286,2301,3542737815,true
4,2024-11-28 14:12:37.179,MCSLab RTT AP1,24:29:34:e2:4c:36,-59,1147,861,3542737815,true
4,2024-11-28 14:12:37.179,MCSLab RTT AP3,b0:e4:d5:88:16:86,-55,1967,1200,3542737815,true
4,2024-11-28 14:12:37.300,MCSLab RTT AP2,24:29:34:e1:ef:d4,-70,9272,294,3542737936,true
4,2024-11-28 14:12:37.300,MCSLab RTT AP2,24:29:34:e1:ef:d4,-70,9272,294,3542737936,true
4,2024-11-28 14:12:37.300,MCSLab RTT AP3,e4:5e:1b:a0:5e:85,-57,8208,2445,3542737936,true
4,2024-11-28 14:12:37.300,MCSLab RTT AP2,24:29:34:e1:ef:d4,-70,9272,294,3542737936,true
4,2024-11-28 14:12:37.300,MCSLab RTT AP3,e4:5e:1b:a0:5e:85,-57,8208,2445,3542737936,true
4,2024-11-28 14:12:37.300,MCSLab RTT AP1,24:29:34:e2:4c:36,-58,1381,708,3542737936,true
4,2024-11-28 14:12:37.300,MCSLab RTT AP2,24:29:34:e1:ef:d4,-70,9272,294,3542737936,true
4,2024-11-28 14:12:37.300,MCSLab RTT AP3,e4:5e:1b:a0:5e:85,-57,8208,2445,3542737936,true
4,2024-11-28 14:12:37.300,MCSLab RTT AP1,24:29:34:e2:4c:36,-58,1381,708,3542737936,true
4,2024-11-28 14:12:37.300,MCSLab RTT AP3,b0:e4:d5:88:16:86,-56,92,2481,3542737936,true
4,2024-11-28 14:12:37.444,MCSLab RTT AP2,24:29:34:e1:ef:d4,-70,7983,1009,3542738080,true
4,2024-11-28 14:12:37.444,MCSLab RTT AP2,24:29:34:e1:ef:d4,-70,7983,1009,3542738080,true
4,2024-11-28 14:12:37.444,MCSLab RTT AP3,e4:5e:1b:a0:5e:85,-61,13911,88,3542738080,true
4,2024-11-28 14:12:37.444,MCSLab RTT AP2,24:29:34:e1:ef:d4,-70,7983,1009,3542738080,true
4,2024-11-28 14:12:37.444,MCSLab RTT AP3,e4:5e:1b:a0:5e:85,-61,13911,88,3542738080,true
4,2024-11-28 14:12:37.444,MCSLab RTT AP1,24:29:34:e2:4c:36,-53,1577,742,3542738080,true
4,2024-11-28 14:12:37.444,MCSLab RTT AP2,24:29:34:e1:ef:d4,-70,7983,1009,3542738080,true
4,2024-11-28 14:12:37.444,MCSLab RTT AP3,e4:5e:1b:a0:5e:85,-61,13911,88,3542738080,true
4,2024-11-28 14:12:37.444,MCSLab RTT AP1,24:29:34:e2:4c:36,-53,1577,742,3542738080,true
4,2024-11-28 14:12:37.444,MCSLab RTT AP3,b0:e4:d5:88:16:86,-60,1488,1397,3542738080,true
4,2024-11-28 14:12:37.588,MCSLab RTT AP2,24:29:34:e1:ef:d4,-71,8491,826,3542738224,true
4,2024-11-28 14:12:37.588,MCSLab RTT AP2,24:29:34:e1:ef:d4,-71,8491,826,3542738224,true
4,2024-11-28 14:12:37.588,MCSLab RTT AP3,e4:5e:1b:a0:5e:85,-60,8520,2113,3542738224,true
4,2024-11-28 14:12:37.588,MCSLab RTT AP2,24:29:34:e1:ef:d4,-71,8491,826,3542738224,true
4,2024-11-28 14:12:37.588,MCSLab RTT AP3,e4:5e:1b:a0:5e:85,-60,8520,2113,3542738224,true
4,2024-11-28 14:12:37.588,MCSLab RTT AP1,24:29:34:e2:4c:36,-59,2798,819,3542738224,true
4,2024-11-28 14:12:37.588,MCSLab RTT AP2,24:29:34:e1:ef:d4,-71,8491,826,3542738224,true
4,2024-11-28 14:12:37.588,MCSLab RTT AP3,e4:5e:1b:a0:5e:85,-60,8520,2113,3542738224,true
4,2024-11-28 14:12:37.588,MCSLab RTT AP1,24:29:34:e2:4c:36,-59,2798,819,3542738224,true
4,2024-11-28 14:12:37.588,MCSLab RTT AP3,b0:e4:d5:88:16:86,-59,1331,2034,3542738224,true
4,2024-11-28 14:12:37.734,MCSLab RTT AP2,24:29:34:e1:ef:d4,-71,7788,1118,3542738369,true
4,2024-11-28 14:12:37.734,MCSLab RTT AP2,24:29:34:e1:ef:d4,-71,7788,1118,3542738369,true
4,2024-11-28 14:12:37.734,MCSLab RTT AP3,e4:5e:1b:a0:5e:85,-61,13911,88,3542738369,true
4,2024-11-28 14:12:37.734,MCSLab RTT AP2,24:29:34:e1:ef:d4,-71,7788,1118,3542738369,true
4,2024-11-28 14:12:37.734,MCSLab RTT AP3,e4:5e:1b:a0:5e:85,-61,13911,88,3542738369,true
4,2024-11-28 14:12:37.734,MCSLab RTT AP1,24:29:34:e2:4c:36,-59,1616,652,3542738369,true
4,2024-11-28 14:12:37.734,MCSLab RTT AP2,24:29:34:e1:ef:d4,-71,7788,1118,3542738369,true
4,2024-11-28 14:12:37.734,MCSLab RTT AP3,e4:5e:1b:a0:5e:85,-61,13911,88,3542738369,true
4,2024-11-28 14:12:37.734,MCSLab RTT AP1,24:29:34:e2:4c:36,-59,1616,652,3542738369,true
4,2024-11-28 14:12:37.734,MCSLab RTT AP3,b0:e4:d5:88:16:86,-60,1527,1365,3542738369,true
4,2024-11-28 14:12:37.866,MCSLab RTT AP2,24:29:34:e1:ef:d4,-70,7944,982,3542738501,true
4,2024-11-28 14:12:37.866,MCSLab RTT AP2,24:29:34:e1:ef:d4,-70,7944,982,3542738501,true
4,2024-11-28 14:12:37.866,MCSLab RTT AP3,e4:5e:1b:a0:5e:85,-61,8364,2677,3542738501,true
4,2024-11-28 14:12:37.866,MCSLab RTT AP2,24:29:34:e1:ef:d4,-70,7944,982,3542738501,true
4,2024-11-28 14:12:37.866,MCSLab RTT AP3,e4:5e:1b:a0:5e:85,-61,8364,2677,3542738501,true
4,2024-11-28 14:12:37.866,MCSLab RTT AP1,24:29:34:e2:4c:36,-59,1538,718,3542738501,true
4,2024-11-28 14:12:37.866,MCSLab RTT AP2,24:29:34:e1:ef:d4,-70,7944,982,3542738501,true
4,2024-11-28 14:12:37.866,MCSLab RTT AP3,e4:5e:1b:a0:5e:85,-61,8364,2677,3542738501,true
4,2024-11-28 14:12:37.866,MCSLab RTT AP1,24:29:34:e2:4c:36,-59,1538,718,3542738501,true
4,2024-11-28 14:12:37.866,MCSLab RTT AP3,b0:e4:d5:88:16:86,-59,1409,1467,3542738501,true
4,2024-11-28 14:12:38.059,MCSLab RTT AP2,24:29:34:e1:ef:d4,-71,7905,1021,3542738685,true
4,2024-11-28 14:12:38.059,MCSLab RTT AP2,24:29:34:e1:ef:d4,-71,7905,1021,3542738685,true
4,2024-11-28 14:12:38.059,MCSLab RTT AP3,e4:5e:1b:a0:5e:85,-61,8286,2630,3542738684,true
4,2024-11-28 14:12:38.059,MCSLab RTT AP2,24:29:34:e1:ef:d4,-71,7905,1021,3542738685,true
4,2024-11-28 14:12:38.059,MCSLab RTT AP3,e4:5e:1b:a0:5e:85,-61,8286,2630,3542738684,true
4,2024-11-28 14:12:38.059,MCSLab RTT AP1,24:29:34:e2:4c:36,-59,1147,854,3542738684,true
4,2024-11-28 14:12:38.059,MCSLab RTT AP2,24:29:34:e1:ef:d4,-71,7905,1021,3542738685,true
4,2024-11-28 14:12:38.059,MCSLab RTT AP3,e4:5e:1b:a0:5e:85,-61,8286,2630,3542738684,true
4,2024-11-28 14:12:38.059,MCSLab RTT AP1,24:29:34:e2:4c:36,-59,1147,854,3542738684,true
4,2024-11-28 14:12:38.059,MCSLab RTT AP3,b0:e4:d5:88:16:86,-60,1448,1678,3542738684,true
4,2024-11-28 14:12:38.190,MCSLab RTT AP2,24:29:34:e1:ef:d4,-71,7046,1043,3542738818,true
4,2024-11-28 14:12:38.190,MCSLab RTT AP2,24:29:34:e1:ef:d4,-71,7046,1043,3542738818,true
4,2024-11-28 14:12:38.190,MCSLab RTT AP3,e4:5e:1b:a0:5e:85,-59,8364,2738,3542738818,true
4,2024-11-28 14:12:38.190,MCSLab RTT AP2,24:29:34:e1:ef:d4,-71,7046,1043,3542738818,true
4,2024-11-28 14:12:38.190,MCSLab RTT AP3,e4:5e:1b:a0:5e:85,-59,8364,2738,3542738818,true
4,2024-11-28 14:12:38.190,MCSLab RTT AP1,24:29:34:e2:4c:36,-58,1225,872,3542738818,true
4,2024-11-28 14:12:38.190,MCSLab RTT AP2,24:29:34:e1:ef:d4,-71,7046,1043,3542738818,true
4,2024-11-28 14:12:38.190,MCSLab RTT AP3,e4:5e:1b:a0:5e:85,-59,8364,2738,3542738818,true
4,2024-11-28 14:12:38.190,MCSLab RTT AP1,24:29:34:e2:4c:36,-58,1225,872,3542738818,true
4,2024-11-28 14:12:38.190,MCSLab RTT AP3,b0:e4:d5:88:16:86,-59,1331,1795,3542738818,true
4,2024-11-28 14:12:38.320,MCSLab RTT AP2,24:29:34:e1:ef:d4,-71,7124,1242,3542738956,true
4,2024-11-28 14:12:38.320,MCSLab RTT AP2,24:29:34:e1:ef:d4,-71,7124,1242,3542738956,true
4,2024-11-28 14:12:38.320,MCSLab RTT AP3,e4:5e:1b:a0:5e:85,-59,8520,2129,3542738956,true
4,2024-11-28 14:12:38.320,MCSLab RTT AP2,24:29:34:e1:ef:d4,-71,7124,1242,3542738956,true
4,2024-11-28 14:12:38.320,MCSLab RTT AP3,e4:5e:1b:a0:5e:85,-59,8520,2129,3542738956,true
4,2024-11-28 14:12:38.320,MCSLab RTT AP1,24:29:34:e2:4c:36,-58,1460,759,3542738956,true
4,2024-11-28 14:12:38.320,MCSLab RTT AP2,24:29:34:e1:ef:d4,-71,7124,1242,3542738956,true
4,2024-11-28 14:12:38.320,MCSLab RTT AP3,e4:5e:1b:a0:5e:85,-59,8520,2129,3542738956,true
4,2024-11-28 14:12:38.320,MCSLab RTT AP1,24:29:34:e2:4c:36,-58,1460,759,3542738956,true
4,2024-11-28 14:12:38.320,MCSLab RTT AP3,b0:e4:d5:88:16:86,-60,1448,1579,3542738956,true
4,2024-11-28 14:12:38.465,MCSLab RTT AP2,24:29:34:e1:ef:d4,-71,7749,897,3542739099,true
4,2024-11-28 14:12:38.465,MCSLab RTT AP2,24:29:34:e1:ef:d4,-71,7749,897,3542739099,true
4,2024-11-28 14:12:38.465,MCSLab RTT AP3,e4:5e:1b:a0:5e:85,-61,13823,127,3542739099,true
4,2024-11-28 14:12:38.465,MCSLab RTT AP2,24:29:34:e1:ef:d4,-71,7749,897,3542739099,true
4,2024-11-28 14:12:38.465,MCSLab RTT AP3,e4:5e:1b:a0:5e:85,-61,13823,127,3542739099,true
4,2024-11-28 14:12:38.465,MCSLab RTT AP1,24:29:34:e2:4c:36,-52,1577,646,3542739099,true
4,2024-11-28 14:12:38.465,MCSLab RTT AP2,24:29:34:e1:ef:d4,-71,7749,897,3542739099,true
4,2024-11-28 14:12:38.465,MCSLab RTT AP3,e4:5e:1b:a0:5e:85,-61,13823,127,3542739099,true
4,2024-11-28 14:12:38.465,MCSLab RTT AP1,24:29:34:e2:4c:36,-52,1577,646,3542739099,true
4,2024-11-28 14:12:38.465,MCSLab RTT AP3,b0:e4:d5:88:16:86,-59,1566,1419,3542739099,true
4,2024-11-28 14:12:38.593,MCSLab RTT AP2,24:29:34:e1:ef:d4,-71,8491,699,3542739230,true
4,2024-11-28 14:12:38.593,MCSLab RTT AP2,24:29:34:e1:ef:d4,-71,8491,699,3542739230,true
4,2024-11-28 14:12:38.593,MCSLab RTT AP3,e4:5e:1b:a0:5e:85,-61,8403,2486,3542739229,true
4,2024-11-28 14:12:38.593,MCSLab RTT AP2,24:29:34:e1:ef:d4,-71,8491,699,3542739230,true
4,2024-11-28 14:12:38.593,MCSLab RTT AP3,e4:5e:1b:a0:5e:85,-61,8403,2486,3542739229,true
4,2024-11-28 14:12:38.593,MCSLab RTT AP1,24:29:34:e2:4c:36,-59,2085,771,3542739230,true
4,2024-11-28 14:12:38.593,MCSLab RTT AP2,24:29:34:e1:ef:d4,-71,8491,699,3542739230,true
4,2024-11-28 14:12:38.593,MCSLab RTT AP3,e4:5e:1b:a0:5e:85,-61,8403,2486,3542739229,true
4,2024-11-28 14:12:38.593,MCSLab RTT AP1,24:29:34:e2:4c:36,-59,2085,771,3542739230,true
4,2024-11-28 14:12:38.593,MCSLab RTT AP3,b0:e4:d5:88:16:86,-60,1487,1977,3542739229,true
4,2024-11-28 14:12:38.714,MCSLab RTT AP2,24:29:34:e1:ef:d4,-71,8061,979,3542739349,true
4,2024-11-28 14:12:38.714,MCSLab RTT AP2,24:29:34:e1:ef:d4,-71,8061,979,3542739349,true
4,2024-11-28 14:12:38.714,MCSLab RTT AP3,e4:5e:1b:a0:5e:85,-61,13852,74,3542739349,true
4,2024-11-28 14:12:38.714,MCSLab RTT AP2,24:29:34:e1:ef:d4,-71,8061,979,3542739349,true
4,2024-11-28 14:12:38.714,MCSLab RTT AP3,e4:5e:1b:a0:5e:85,-61,13852,74,3542739349,true
4,2024-11-28 14:12:38.714,MCSLab RTT AP1,24:29:34:e2:4c:36,-59,1264,736,3542739349,true
4,2024-11-28 14:12:38.714,MCSLab RTT AP2,24:29:34:e1:ef:d4,-71,8061,979,3542739349,true
4,2024-11-28 14:12:38.714,MCSLab RTT AP3,e4:5e:1b:a0:5e:85,-61,13852,74,3542739349,true
4,2024-11-28 14:12:38.714,MCSLab RTT AP1,24:29:34:e2:4c:36,-59,1264,736,3542739349,true
4,2024-11-28 14:12:38.714,MCSLab RTT AP3,b0:e4:d5:88:16:86,-60,1566,1633,3542739349,true
4,2024-11-28 14:12:38.920,MCSLab RTT AP2,24:29:34:e1:ef:d4,-71,7983,968,3542739552,true
4,2024-11-28 14:12:38.920,MCSLab RTT AP2,24:29:34:e1:ef:d4,-71,7983,968,3542739552,true
4,2024-11-28 14:12:38.920,MCSLab RTT AP3,e4:5e:1b:a0:5e:85,-61,8520,2112,3542739552,true
4,2024-11-28 14:12:38.920,MCSLab RTT AP2,24:29:34:e1:ef:d4,-71,7983,968,3542739552,true
4,2024-11-28 14:12:38.920,MCSLab RTT AP3,e4:5e:1b:a0:5e:85,-61,8520,2112,3542739552,true
4,2024-11-28 14:12:38.920,MCSLab RTT AP1,24:29:34:e2:4c:36,-59,2397,738,3542739552,true
4,2024-11-28 14:12:38.920,MCSLab RTT AP2,24:29:34:e1:ef:d4,-71,7983,968,3542739552,true
4,2024-11-28 14:12:38.920,MCSLab RTT AP3,e4:5e:1b:a0:5e:85,-61,8520,2112,3542739552,true
4,2024-11-28 14:12:38.920,MCSLab RTT AP1,24:29:34:e2:4c:36,-59,2397,738,3542739552,true
4,2024-11-28 14:12:38.920,MCSLab RTT AP3,b0:e4:d5:88:16:86,-58,475,2382,3542739552,true
4,2024-11-28 14:12:39.126,MCSLab RTT AP2,24:29:34:e1:ef:d4,-71,7788,931,3542739761,true
4,2024-11-28 14:12:39.126,MCSLab RTT AP2,24:29:34:e1:ef:d4,-71,7788,931,3542739761,true
4,2024-11-28 14:12:39.126,MCSLab RTT AP3,e4:5e:1b:a0:5e:85,-61,8364,2263,3542739761,true
4,2024-11-28 14:12:39.126,MCSLab RTT AP2,24:29:34:e1:ef:d4,-71,7788,931,3542739761,true
4,2024-11-28 14:12:39.126,MCSLab RTT AP3,e4:5e:1b:a0:5e:85,-61,8364,2263,3542739761,true
4,2024-11-28 14:12:39.126,MCSLab RTT AP1,24:29:34:e2:4c:36,-59,1538,737,3542739761,true
4,2024-11-28 14:12:39.126,MCSLab RTT AP2,24:29:34:e1:ef:d4,-71,7788,931,3542739761,true
4,2024-11-28 14:12:39.126,MCSLab RTT AP3,e4:5e:1b:a0:5e:85,-61,8364,2263,3542739761,true
4,2024-11-28 14:12:39.126,MCSLab RTT AP1,24:29:34:e2:4c:36,-59,1538,737,3542739761,true
4,2024-11-28 14:12:39.126,MCSLab RTT AP3,b0:e4:d5:88:16:86,-60,1722,1613,3542739761,true
4,2024-11-28 14:12:39.287,MCSLab RTT AP2,24:29:34:e1:ef:d4,-70,7192,1191,3542739923,true
4,2024-11-28 14:12:39.287,MCSLab RTT AP2,24:29:34:e1:ef:d4,-70,7192,1191,3542739923,true
4,2024-11-28 14:12:39.287,MCSLab RTT AP3,e4:5e:1b:a0:5e:85,-61,8403,2532,3542739923,true
4,2024-11-28 14:12:39.287,MCSLab RTT AP2,24:29:34:e1:ef:d4,-70,7192,1191,3542739923,true
4,2024-11-28 14:12:39.287,MCSLab RTT AP3,e4:5e:1b:a0:5e:85,-61,8403,2532,3542739923,true
4,2024-11-28 14:12:39.287,MCSLab RTT AP1,24:29:34:e2:4c:36,-59,1381,804,3542739923,true
4,2024-11-28 14:12:39.287,MCSLab RTT AP2,24:29:34:e1:ef:d4,-70,7192,1191,3542739923,true
4,2024-11-28 14:12:39.287,MCSLab RTT AP3,e4:5e:1b:a0:5e:85,-61,8403,2532,3542739923,true
4,2024-11-28 14:12:39.287,MCSLab RTT AP1,24:29:34:e2:4c:36,-59,1381,804,3542739923,true
4,2024-11-28 14:12:39.287,MCSLab RTT AP3,b0:e4:d5:88:16:86,-60,1683,1404,3542739923,true
4,2024-11-28 14:12:39.413,MCSLab RTT AP2,24:29:34:e1:ef:d4,-71,7319,1102,3542740049,true
4,2024-11-28 14:12:39.413,MCSLab RTT AP2,24:29:34:e1:ef:d4,-71,7319,1102,3542740049,true
4,2024-11-28 14:12:39.413,MCSLab RTT AP3,e4:5e:1b:a0:5e:85,-61,13735,101,3542740049,true
4,2024-11-28 14:12:39.413,MCSLab RTT AP2,24:29:34:e1:ef:d4,-71,7319,1102,3542740049,true
4,2024-11-28 14:12:39.413,MCSLab RTT AP3,e4:5e:1b:a0:5e:85,-61,13735,101,3542740049,true
4,2024-11-28 14:12:39.413,MCSLab RTT AP1,24:29:34:e2:4c:36,-59,1860,1471,3542740049,true
4,2024-11-28 14:12:39.413,MCSLab RTT AP2,24:29:34:e1:ef:d4,-71,7319,1102,3542740049,true
4,2024-11-28 14:12:39.413,MCSLab RTT AP3,e4:5e:1b:a0:5e:85,-61,13735,101,3542740049,true
4,2024-11-28 14:12:39.413,MCSLab RTT AP1,24:29:34:e2:4c:36,-59,1860,1471,3542740049,true
4,2024-11-28 14:12:39.413,MCSLab RTT AP3,b0:e4:d5:88:16:86,-60,1448,1461,3542740049,true
4,2024-11-28 14:12:39.550,MCSLab RTT AP2,24:29:34:e1:ef:d4,-71,7905,1019,3542740187,true
4,2024-11-28 14:12:39.550,MCSLab RTT AP2,24:29:34:e1:ef:d4,-71,7905,1019,3542740187,true
4,2024-11-28 14:12:39.550,MCSLab RTT AP3,e4:5e:1b:a0:5e:85,-61,13852,74,3542740187,true
4,2024-11-28 14:12:39.550,MCSLab RTT AP2,24:29:34:e1:ef:d4,-71,7905,1019,3542740187,true
4,2024-11-28 14:12:39.550,MCSLab RTT AP3,e4:5e:1b:a0:5e:85,-61,13852,74,3542740187,true
4,2024-11-28 14:12:39.550,MCSLab RTT AP1,24:29:34:e2:4c:36,-59,1264,772,3542740187,true
4,2024-11-28 14:12:39.550,MCSLab RTT AP2,24:29:34:e1:ef:d4,-71,7905,1019,3542740187,true
4,2024-11-28 14:12:39.550,MCSLab RTT AP3,e4:5e:1b:a0:5e:85,-61,13852,74,3542740187,true
4,2024-11-28 14:12:39.550,MCSLab RTT AP1,24:29:34:e2:4c:36,-59,1264,772,3542740187,true
4,2024-11-28 14:12:39.550,MCSLab RTT AP3,b0:e4:d5:88:16:86,-58,1644,1654,3542740187,true
4,2024-11-28 14:12:39.681,MCSLab RTT AP2,24:29:34:e1:ef:d4,-71,7827,1082,3542740317,true
4,2024-11-28 14:12:39.681,MCSLab RTT AP2,24:29:34:e1:ef:d4,-71,7827,1082,3542740317,true
4,2024-11-28 14:12:39.681,MCSLab RTT AP3,e4:5e:1b:a0:5e:85,-61,13852,74,3542740316,true
4,2024-11-28 14:12:39.681,MCSLab RTT AP2,24:29:34:e1:ef:d4,-71,7827,1082,3542740317,true
4,2024-11-28 14:12:39.681,MCSLab RTT AP3,e4:5e:1b:a0:5e:85,-61,13852,74,3542740316,true
4,2024-11-28 14:12:39.681,MCSLab RTT AP1,24:29:34:e2:4c:36,-59,2241,659,3542740316,true
4,2024-11-28 14:12:39.681,MCSLab RTT AP2,24:29:34:e1:ef:d4,-71,7827,1082,3542740317,true
4,2024-11-28 14:12:39.681,MCSLab RTT AP3,e4:5e:1b:a0:5e:85,-61,13852,74,3542740316,true
4,2024-11-28 14:12:39.681,MCSLab RTT AP1,24:29:34:e2:4c:36,-59,2241,659,3542740316,true
4,2024-11-28 14:12:39.681,MCSLab RTT AP3,b0:e4:d5:88:16:86,-60,1605,1710,3542740316,true
4,2024-11-28 14:12:39.816,MCSLab RTT AP2,24:29:34:e1:ef:d4,-70,7827,968,3542740452,true
4,2024-11-28 14:12:39.816,MCSLab RTT AP2,24:29:34:e1:ef:d4,-70,7827,968,3542740452,true
4,2024-11-28 14:12:39.816,MCSLab RTT AP3,e4:5e:1b:a0:5e:85,-61,8286,2518,3542740452,true
4,2024-11-28 14:12:39.816,MCSLab RTT AP2,24:29:34:e1:ef:d4,-70,7827,968,3542740452,true
4,2024-11-28 14:12:39.816,MCSLab RTT AP3,e4:5e:1b:a0:5e:85,-61,8286,2518,3542740452,true
4,2024-11-28 14:12:39.816,MCSLab RTT AP1,24:29:34:e2:4c:36,-59,1499,649,3542740452,true
4,2024-11-28 14:12:39.816,MCSLab RTT AP2,24:29:34:e1:ef:d4,-70,7827,968,3542740452,true
4,2024-11-28 14:12:39.816,MCSLab RTT AP3,e4:5e:1b:a0:5e:85,-61,8286,2518,3542740452,true
4,2024-11-28 14:12:39.816,MCSLab RTT AP1,24:29:34:e2:4c:36,-59,1499,649,3542740452,true
4,2024-11-28 14:12:39.816,MCSLab RTT AP3,b0:e4:d5:88:16:86,-60,1722,1350,3542740452,true
4,2024-11-28 14:12:40.010,MCSLab RTT AP2,24:29:34:e1:ef:d4,-70,7007,1225,3542740642,true
4,2024-11-28 14:12:40.010,MCSLab RTT AP2,24:29:34:e1:ef:d4,-70,7007,1225,3542740642,true
4,2024-11-28 14:12:40.010,MCSLab RTT AP3,e4:5e:1b:a0:5e:85,-61,8325,2057,3542740641,true
4,2024-11-28 14:12:40.010,MCSLab RTT AP2,24:29:34:e1:ef:d4,-70,7007,1225,3542740642,true
4,2024-11-28 14:12:40.010,MCSLab RTT AP3,e4:5e:1b:a0:5e:85,-61,8325,2057,3542740641,true
4,2024-11-28 14:12:40.010,MCSLab RTT AP1,24:29:34:e2:4c:36,-54,1694,592,3542740642,true
4,2024-11-28 14:12:40.010,MCSLab RTT AP2,24:29:34:e1:ef:d4,-70,7007,1225,3542740642,true
4,2024-11-28 14:12:40.010,MCSLab RTT AP3,e4:5e:1b:a0:5e:85,-61,8325,2057,3542740641,true
4,2024-11-28 14:12:40.010,MCSLab RTT AP1,24:29:34:e2:4c:36,-54,1694,592,3542740642,true
4,2024-11-28 14:12:40.010,MCSLab RTT AP3,b0:e4:d5:88:16:86,-60,1527,1539,3542740641,true
4,2024-11-28 14:12:40.149,MCSLab RTT AP2,24:29:34:e1:ef:d4,-71,8022,953,3542740784,true
4,2024-11-28 14:12:40.149,MCSLab RTT AP2,24:29:34:e1:ef:d4,-71,8022,953,3542740784,true
4,2024-11-28 14:12:40.149,MCSLab RTT AP3,e4:5e:1b:a0:5e:85,-61,8325,2541,3542740784,true
4,2024-11-28 14:12:40.149,MCSLab RTT AP2,24:29:34:e1:ef:d4,-71,8022,953,3542740784,true
4,2024-11-28 14:12:40.149,MCSLab RTT AP3,e4:5e:1b:a0:5e:85,-61,8325,2541,3542740784,true
4,2024-11-28 14:12:40.149,MCSLab RTT AP1,24:29:34:e2:4c:36,-58,2397,534,3542740784,true
4,2024-11-28 14:12:40.149,MCSLab RTT AP2,24:29:34:e1:ef:d4,-71,8022,953,3542740784,true
4,2024-11-28 14:12:40.149,MCSLab RTT AP3,e4:5e:1b:a0:5e:85,-61,8325,2541,3542740784,true
4,2024-11-28 14:12:40.149,MCSLab RTT AP1,24:29:34:e2:4c:36,-58,2397,534,3542740784,true
4,2024-11-28 14:12:40.149,MCSLab RTT AP3,b0:e4:d5:88:16:86,-60,1605,1356,3542740784,true
4,2024-11-28 14:12:40.370,MCSLab RTT AP2,24:29:34:e1:ef:d4,-71,7749,1061,3542740991,true
4,2024-11-28 14:12:40.370,MCSLab RTT AP2,24:29:34:e1:ef:d4,-71,7749,1061,3542740991,true
4,2024-11-28 14:12:40.370,MCSLab RTT AP3,e4:5e:1b:a0:5e:85,-61,8286,2559,3542740990,true
4,2024-11-28 14:12:40.370,MCSLab RTT AP2,24:29:34:e1:ef:d4,-71,7749,1061,3542740991,true
4,2024-11-28 14:12:40.370,MCSLab RTT AP3,e4:5e:1b:a0:5e:85,-61,8286,2559,3542740990,true
4,2024-11-28 14:12:40.370,MCSLab RTT AP1,24:29:34:e2:4c:36,-58,2856,396,3542740991,true
4,2024-11-28 14:12:40.370,MCSLab RTT AP2,24:29:34:e1:ef:d4,-71,7749,1061,3542740991,true
4,2024-11-28 14:12:40.370,MCSLab RTT AP3,e4:5e:1b:a0:5e:85,-61,8286,2559,3542740990,true
4,2024-11-28 14:12:40.370,MCSLab RTT AP1,24:29:34:e2:4c:36,-58,2856,396,3542740991,true
4,2024-11-28 14:12:40.370,MCSLab RTT AP3,b0:e4:d5:88:16:86,-60,1449,1614,3542740990,true
4,2024-11-28 14:12:40.511,MCSLab RTT AP2,24:29:34:e1:ef:d4,-71,7827,1082,3542741146,true
4,2024-11-28 14:12:40.511,MCSLab RTT AP2,24:29:34:e1:ef:d4,-71,7827,1082,3542741146,true
4,2024-11-28 14:12:40.511,MCSLab RTT AP3,e4:5e:1b:a0:5e:85,-61,8325,2664,3542741146,true
4,2024-11-28 14:12:40.511,MCSLab RTT AP2,24:29:34:e1:ef:d4,-71,7827,1082,3542741146,true
4,2024-11-28 14:12:40.511,MCSLab RTT AP3,e4:5e:1b:a0:5e:85,-61,8325,2664,3542741146,true
4,2024-11-28 14:12:40.511,MCSLab RTT AP1,24:29:34:e2:4c:36,-59,2436,671,3542741146,true
4,2024-11-28 14:12:40.511,MCSLab RTT AP2,24:29:34:e1:ef:d4,-71,7827,1082,3542741146,true
4,2024-11-28 14:12:40.511,MCSLab RTT AP3,e4:5e:1b:a0:5e:85,-61,8325,2664,3542741146,true
4,2024-11-28 14:12:40.511,MCSLab RTT AP1,24:29:34:e2:4c:36,-59,2436,671,3542741146,true
4,2024-11-28 14:12:40.511,MCSLab RTT AP3,b0:e4:d5:88:16:86,-60,1644,1532,3542741146,true
4,2024-11-28 14:12:40.666,MCSLab RTT AP2,24:29:34:e1:ef:d4,-71,7163,1207,3542741301,true
4,2024-11-28 14:12:40.666,MCSLab RTT AP2,24:29:34:e1:ef:d4,-71,7163,1207,3542741301,true
4,2024-11-28 14:12:40.666,MCSLab RTT AP3,e4:5e:1b:a0:5e:85,-61,8208,2644,3542741301,true
4,2024-11-28 14:12:40.666,MCSLab RTT AP2,24:29:34:e1:ef:d4,-71,7163,1207,3542741301,true
4,2024-11-28 14:12:40.666,MCSLab RTT AP3,e4:5e:1b:a0:5e:85,-61,8208,2644,3542741301,true
4,2024-11-28 14:12:40.666,MCSLab RTT AP1,24:29:34:e2:4c:36,-58,1499,647,3542741301,true
4,2024-11-28 14:12:40.666,MCSLab RTT AP2,24:29:34:e1:ef:d4,-71,7163,1207,3542741301,true
4,2024-11-28 14:12:40.666,MCSLab RTT AP3,e4:5e:1b:a0:5e:85,-61,8208,2644,3542741301,true
4,2024-11-28 14:12:40.666,MCSLab RTT AP1,24:29:34:e2:4c:36,-58,1499,647,3542741301,true
4,2024-11-28 14:12:40.666,MCSLab RTT AP3,b0:e4:d5:88:16:86,-60,1527,1442,3542741301,true
4,2024-11-28 14:12:40.821,MCSLab RTT AP2,24:29:34:e1:ef:d4,-70,7124,1187,3542741456,true
4,2024-11-28 14:12:40.821,MCSLab RTT AP2,24:29:34:e1:ef:d4,-70,7124,1187,3542741456,true
4,2024-11-28 14:12:40.821,MCSLab RTT AP3,e4:5e:1b:a0:5e:85,-61,8403,2160,3542741456,true
4,2024-11-28 14:12:40.821,MCSLab RTT AP2,24:29:34:e1:ef:d4,-70,7124,1187,3542741456,true
4,2024-11-28 14:12:40.821,MCSLab RTT AP3,e4:5e:1b:a0:5e:85,-61,8403,2160,3542741456,true
4,2024-11-28 14:12:40.821,MCSLab RTT AP1,24:29:34:e2:4c:36,-59,2798,585,3542741456,true
4,2024-11-28 14:12:40.821,MCSLab RTT AP2,24:29:34:e1:ef:d4,-70,7124,1187,3542741456,true
4,2024-11-28 14:12:40.821,MCSLab RTT AP3,e4:5e:1b:a0:5e:85,-61,8403,2160,3542741456,true
4,2024-11-28 14:12:40.821,MCSLab RTT AP1,24:29:34:e2:4c:36,-59,2798,585,3542741456,true
4,2024-11-28 14:12:40.821,MCSLab RTT AP3,b0:e4:d5:88:16:86,-60,1644,1303,3542741456,true
4,2024-11-28 14:12:40.972,MCSLab RTT AP2,24:29:34:e1:ef:d4,-71,7944,1023,3542741607,true
4,2024-11-28 14:12:40.972,MCSLab RTT AP2,24:29:34:e1:ef:d4,-71,7944,1023,3542741607,true
4,2024-11-28 14:12:40.972,MCSLab RTT AP3,e4:5e:1b:a0:5e:85,-61,13882,135,3542741607,true
4,2024-11-28 14:12:40.972,MCSLab RTT AP2,24:29:34:e1:ef:d4,-71,7944,1023,3542741607,true
4,2024-11-28 14:12:40.972,MCSLab RTT AP3,e4:5e:1b:a0:5e:85,-61,13882,135,3542741607,true
4,2024-11-28 14:12:40.972,MCSLab RTT AP1,24:29:34:e2:4c:36,-59,2319,684,3542741607,true
4,2024-11-28 14:12:40.972,MCSLab RTT AP2,24:29:34:e1:ef:d4,-71,7944,1023,3542741607,true
4,2024-11-28 14:12:40.972,MCSLab RTT AP3,e4:5e:1b:a0:5e:85,-61,13882,135,3542741607,true
4,2024-11-28 14:12:40.972,MCSLab RTT AP1,24:29:34:e2:4c:36,-59,2319,684,3542741607,true
4,2024-11-28 14:12:40.972,MCSLab RTT AP3,b0:e4:d5:88:16:86,-60,1605,1325,3542741607,true
4,2024-11-28 14:12:41.121,MCSLab RTT AP2,24:29:34:e1:ef:d4,-70,7085,1281,3542741755,true
4,2024-11-28 14:12:41.121,MCSLab RTT AP2,24:29:34:e1:ef:d4,-70,7085,1281,3542741755,true
4,2024-11-28 14:12:41.121,MCSLab RTT AP3,e4:5e:1b:a0:5e:85,-61,13940,60,3542741755,true
4,2024-11-28 14:12:41.121,MCSLab RTT AP2,24:29:34:e1:ef:d4,-70,7085,1281,3542741755,true
4,2024-11-28 14:12:41.121,MCSLab RTT AP3,e4:5e:1b:a0:5e:85,-61,13940,60,3542741755,true
4,2024-11-28 14:12:41.121,MCSLab RTT AP1,24:29:34:e2:4c:36,-58,2514,556,3542741755,true
4,2024-11-28 14:12:41.121,MCSLab RTT AP2,24:29:34:e1:ef:d4,-70,7085,1281,3542741755,true
4,2024-11-28 14:12:41.121,MCSLab RTT AP3,e4:5e:1b:a0:5e:85,-61,13940,60,3542741755,true
4,2024-11-28 14:12:41.121,MCSLab RTT AP1,24:29:34:e2:4c:36,-58,2514,556,3542741755,true
4,2024-11-28 14:12:41.121,MCSLab RTT AP3,b0:e4:d5:88:16:86,-60,1566,1429,3542741755,true
4,2024-11-28 14:12:41.238,MCSLab RTT AP2,24:29:34:e1:ef:d4,-70,7710,1132,3542741873,true
4,2024-11-28 14:12:41.238,MCSLab RTT AP2,24:29:34:e1:ef:d4,-70,7710,1132,3542741873,true
4,2024-11-28 14:12:41.238,MCSLab RTT AP3,e4:5e:1b:a0:5e:85,-61,8481,2616,3542741873,true
4,2024-11-28 14:12:41.238,MCSLab RTT AP2,24:29:34:e1:ef:d4,-70,7710,1132,3542741873,true
4,2024-11-28 14:12:41.238,MCSLab RTT AP3,e4:5e:1b:a0:5e:85,-61,8481,2616,3542741873,true
4,2024-11-28 14:12:41.238,MCSLab RTT AP1,24:29:34:e2:4c:36,-58,1499,672,3542741873,true
4,2024-11-28 14:12:41.238,MCSLab RTT AP2,24:29:34:e1:ef:d4,-70,7710,1132,3542741873,true
4,2024-11-28 14:12:41.238,MCSLab RTT AP3,e4:5e:1b:a0:5e:85,-61,8481,2616,3542741873,true
4,2024-11-28 14:12:41.238,MCSLab RTT AP1,24:29:34:e2:4c:36,-58,1499,672,3542741873,true
4,2024-11-28 14:12:41.238,MCSLab RTT AP3,b0:e4:d5:88:16:86,-60,1644,1278,3542741873,true
4,2024-11-28 14:12:41.438,MCSLab RTT AP2,24:29:34:e1:ef:d4,-71,7866,1022,3542742066,true
4,2024-11-28 14:12:41.438,MCSLab RTT AP2,24:29:34:e1:ef:d4,-71,7866,1022,3542742066,true
4,2024-11-28 14:12:41.438,MCSLab RTT AP3,e4:5e:1b:a0:5e:85,-61,8286,2531,3542742066,true
4,2024-11-28 14:12:41.438,MCSLab RTT AP2,24:29:34:e1:ef:d4,-71,7866,1022,3542742066,true
4,2024-11-28 14:12:41.438,MCSLab RTT AP3,e4:5e:1b:a0:5e:85,-61,8286,2531,3542742066,true
4,2024-11-28 14:12:41.438,MCSLab RTT AP1,24:29:34:e2:4c:36,-54,2856,386,3542742066,true
4,2024-11-28 14:12:41.438,MCSLab RTT AP2,24:29:34:e1:ef:d4,-71,7866,1022,3542742066,true
4,2024-11-28 14:12:41.438,MCSLab RTT AP3,e4:5e:1b:a0:5e:85,-61,8286,2531,3542742066,true
4,2024-11-28 14:12:41.438,MCSLab RTT AP1,24:29:34:e2:4c:36,-54,2856,386,3542742066,true
4,2024-11-28 14:12:41.438,MCSLab RTT AP3,b0:e4:d5:88:16:86,-60,1449,1580,3542742066,true
4,2024-11-28 14:12:41.568,MCSLab RTT AP2,24:29:34:e1:ef:d4,-71,7778,1186,3542742203,true
4,2024-11-28 14:12:41.568,MCSLab RTT AP2,24:29:34:e1:ef:d4,-71,7778,1186,3542742203,true
4,2024-11-28 14:12:41.568,MCSLab RTT AP3,e4:5e:1b:a0:5e:85,-61,8325,2554,3542742203,true
4,2024-11-28 14:12:41.568,MCSLab RTT AP2,24:29:34:e1:ef:d4,-71,7778,1186,3542742203,true
4,2024-11-28 14:12:41.568,MCSLab RTT AP3,e4:5e:1b:a0:5e:85,-61,8325,2554,3542742203,true
4,2024-11-28 14:12:41.568,MCSLab RTT AP1,24:29:34:e2:4c:36,-58,1381,761,3542742203,true
4,2024-11-28 14:12:41.568,MCSLab RTT AP2,24:29:34:e1:ef:d4,-71,7778,1186,3542742203,true
4,2024-11-28 14:12:41.568,MCSLab RTT AP3,e4:5e:1b:a0:5e:85,-61,8325,2554,3542742203,true
4,2024-11-28 14:12:41.568,MCSLab RTT AP1,24:29:34:e2:4c:36,-58,1381,761,3542742203,true
4,2024-11-28 14:12:41.568,MCSLab RTT AP3,b0:e4:d5:88:16:86,-60,1409,1610,3542742203,true
4,2024-11-28 14:12:41.797,MCSLab RTT AP2,24:29:34:e1:ef:d4,-70,7163,1235,3542742423,true
4,2024-11-28 14:12:41.797,MCSLab RTT AP2,24:29:34:e1:ef:d4,-70,7163,1235,3542742423,true
4,2024-11-28 14:12:41.797,MCSLab RTT AP3,e4:5e:1b:a0:5e:85,-61,8481,2500,3542742423,true
4,2024-11-28 14:12:41.797,MCSLab RTT AP2,24:29:34:e1:ef:d4,-70,7163,1235,3542742423,true
4,2024-11-28 14:12:41.797,MCSLab RTT AP3,e4:5e:1b:a0:5e:85,-61,8481,2500,3542742423,true
4,2024-11-28 14:12:41.797,MCSLab RTT AP1,24:29:34:e2:4c:36,-59,1303,774,3542742423,true
4,2024-11-28 14:12:41.797,MCSLab RTT AP2,24:29:34:e1:ef:d4,-70,7163,1235,3542742423,true
4,2024-11-28 14:12:41.797,MCSLab RTT AP3,e4:5e:1b:a0:5e:85,-61,8481,2500,3542742423,true
4,2024-11-28 14:12:41.797,MCSLab RTT AP1,24:29:34:e2:4c:36,-59,1303,774,3542742423,true
4,2024-11-28 14:12:41.797,MCSLab RTT AP3,b0:e4:d5:88:16:86,-60,1488,1426,3542742423,true
4,2024-11-28 14:12:41.922,MCSLab RTT AP2,24:29:34:e1:ef:d4,-70,9194,456,3542742560,true
4,2024-11-28 14:12:41.922,MCSLab RTT AP2,24:29:34:e1:ef:d4,-70,9194,456,3542742560,true
4,2024-11-28 14:12:41.922,MCSLab RTT AP3,e4:5e:1b:a0:5e:85,-61,13794,129,3542742560,true
4,2024-11-28 14:12:41.922,MCSLab RTT AP2,24:29:34:e1:ef:d4,-70,9194,456,3542742560,true
4,2024-11-28 14:12:41.922,MCSLab RTT AP3,e4:5e:1b:a0:5e:85,-61,13794,129,3542742560,true
4,2024-11-28 14:12:41.922,MCSLab RTT AP1,24:29:34:e2:4c:36,-58,1303,750,3542742560,true
4,2024-11-28 14:12:41.922,MCSLab RTT AP2,24:29:34:e1:ef:d4,-70,9194,456,3542742560,true
4,2024-11-28 14:12:41.922,MCSLab RTT AP3,e4:5e:1b:a0:5e:85,-61,13794,129,3542742560,true
4,2024-11-28 14:12:41.922,MCSLab RTT AP1,24:29:34:e2:4c:36,-58,1303,750,3542742560,true
4,2024-11-28 14:12:41.922,MCSLab RTT AP3,b0:e4:d5:88:16:86,-60,1527,1363,3542742559,true
4,2024-11-28 14:12:42.039,MCSLab RTT AP2,24:29:34:e1:ef:d4,-70,7866,1083,3542742675,true
4,2024-11-28 14:12:42.039,MCSLab RTT AP2,24:29:34:e1:ef:d4,-70,7866,1083,3542742675,true
4,2024-11-28 14:12:42.039,MCSLab RTT AP3,e4:5e:1b:a0:5e:85,-61,8638,2092,3542742675,true
4,2024-11-28 14:12:42.039,MCSLab RTT AP2,24:29:34:e1:ef:d4,-70,7866,1083,3542742675,true
4,2024-11-28 14:12:42.039,MCSLab RTT AP3,e4:5e:1b:a0:5e:85,-61,8638,2092,3542742675,true
4,2024-11-28 14:12:42.039,MCSLab RTT AP1,24:29:34:e2:4c:36,-58,1382,753,3542742675,true
4,2024-11-28 14:12:42.039,MCSLab RTT AP2,24:29:34:e1:ef:d4,-70,7866,1083,3542742675,true
4,2024-11-28 14:12:42.039,MCSLab RTT AP3,e4:5e:1b:a0:5e:85,-61,8638,2092,3542742675,true
4,2024-11-28 14:12:42.039,MCSLab RTT AP1,24:29:34:e2:4c:36,-58,1382,753,3542742675,true
4,2024-11-28 14:12:42.039,MCSLab RTT AP3,b0:e4:d5:88:16:86,-60,1566,1360,3542742675,true
4,2024-11-28 14:12:42.166,MCSLab RTT AP2,24:29:34:e1:ef:d4,-70,8452,961,3542742793,true
4,2024-11-28 14:12:42.166,MCSLab RTT AP2,24:29:34:e1:ef:d4,-70,8452,961,3542742793,true
4,2024-11-28 14:12:42.166,MCSLab RTT AP3,e4:5e:1b:a0:5e:85,-61,8403,2630,3542742793,true
4,2024-11-28 14:12:42.166,MCSLab RTT AP2,24:29:34:e1:ef:d4,-70,8452,961,3542742793,true
4,2024-11-28 14:12:42.166,MCSLab RTT AP3,e4:5e:1b:a0:5e:85,-61,8403,2630,3542742793,true
4,2024-11-28 14:12:42.166,MCSLab RTT AP1,24:29:34:e2:4c:36,-58,1382,727,3542742793,true
4,2024-11-28 14:12:42.166,MCSLab RTT AP2,24:29:34:e1:ef:d4,-70,8452,961,3542742793,true
4,2024-11-28 14:12:42.166,MCSLab RTT AP3,e4:5e:1b:a0:5e:85,-61,8403,2630,3542742793,true
4,2024-11-28 14:12:42.166,MCSLab RTT AP1,24:29:34:e2:4c:36,-58,1382,727,3542742793,true
4,2024-11-28 14:12:42.166,MCSLab RTT AP3,b0:e4:d5:88:16:86,-60,1527,1586,3542742793,true
4,2024-11-28 14:12:42.310,MCSLab RTT AP2,24:29:34:e1:ef:d4,-71,9077,355,3542742937,true
4,2024-11-28 14:12:42.310,MCSLab RTT AP2,24:29:34:e1:ef:d4,-71,9077,355,3542742937,true
4,2024-11-28 14:12:42.310,MCSLab RTT AP3,e4:5e:1b:a0:5e:85,-61,13882,139,3542742937,true
4,2024-11-28 14:12:42.310,MCSLab RTT AP2,24:29:34:e1:ef:d4,-71,9077,355,3542742937,true
4,2024-11-28 14:12:42.310,MCSLab RTT AP3,e4:5e:1b:a0:5e:85,-61,13882,139,3542742937,true
4,2024-11-28 14:12:42.310,MCSLab RTT AP1,24:29:34:e2:4c:36,-59,1147,871,3542742937,true
4,2024-11-28 14:12:42.310,MCSLab RTT AP2,24:29:34:e1:ef:d4,-71,9077,355,3542742937,true
4,2024-11-28 14:12:42.310,MCSLab RTT AP3,e4:5e:1b:a0:5e:85,-61,13882,139,3542742937,true
4,2024-11-28 14:12:42.310,MCSLab RTT AP1,24:29:34:e2:4c:36,-59,1147,871,3542742937,true
4,2024-11-28 14:12:42.310,MCSLab RTT AP3,b0:e4:d5:88:16:86,-58,866,2055,3542742937,true
4,2024-11-28 14:12:42.431,MCSLab RTT AP2,24:29:34:e1:ef:d4,-70,7827,1150,3542743067,true
4,2024-11-28 14:12:42.431,MCSLab RTT AP2,24:29:34:e1:ef:d4,-70,7827,1150,3542743067,true
4,2024-11-28 14:12:42.431,MCSLab RTT AP3,e4:5e:1b:a0:5e:85,-61,13940,68,3542743067,true
4,2024-11-28 14:12:42.431,MCSLab RTT AP2,24:29:34:e1:ef:d4,-70,7827,1150,3542743067,true
4,2024-11-28 14:12:42.431,MCSLab RTT AP3,e4:5e:1b:a0:5e:85,-61,13940,68,3542743067,true
4,2024-11-28 14:12:42.431,MCSLab RTT AP1,24:29:34:e2:4c:36,-58,1538,668,3542743067,true
4,2024-11-28 14:12:42.431,MCSLab RTT AP2,24:29:34:e1:ef:d4,-70,7827,1150,3542743067,true
4,2024-11-28 14:12:42.431,MCSLab RTT AP3,e4:5e:1b:a0:5e:85,-61,13940,68,3542743067,true
4,2024-11-28 14:12:42.431,MCSLab RTT AP1,24:29:34:e2:4c:36,-58,1538,668,3542743067,true
4,2024-11-28 14:12:42.431,MCSLab RTT AP3,b0:e4:d5:88:16:86,-60,1527,1728,3542743067,true
4,2024-11-28 14:12:42.568,MCSLab RTT AP2,24:29:34:e1:ef:d4,-71,7241,1256,3542743203,true
4,2024-11-28 14:12:42.568,MCSLab RTT AP2,24:29:34:e1:ef:d4,-71,7241,1256,3542743203,true
4,2024-11-28 14:12:42.568,MCSLab RTT AP3,e4:5e:1b:a0:5e:85,-61,13852,194,3542743203,true
4,2024-11-28 14:12:42.568,MCSLab RTT AP2,24:29:34:e1:ef:d4,-71,7241,1256,3542743203,true
4,2024-11-28 14:12:42.568,MCSLab RTT AP3,e4:5e:1b:a0:5e:85,-61,13852,194,3542743203,true
4,2024-11-28 14:12:42.568,MCSLab RTT AP1,24:29:34:e2:4c:36,-58,1694,609,3542743203,true
4,2024-11-28 14:12:42.568,MCSLab RTT AP2,24:29:34:e1:ef:d4,-71,7241,1256,3542743203,true
4,2024-11-28 14:12:42.568,MCSLab RTT AP3,e4:5e:1b:a0:5e:85,-61,13852,194,3542743203,true
4,2024-11-28 14:12:42.568,MCSLab RTT AP1,24:29:34:e2:4c:36,-58,1694,609,3542743203,true
4,2024-11-28 14:12:42.568,MCSLab RTT AP3,b0:e4:d5:88:16:86,-60,1683,1585,3542743203,true
4,2024-11-28 14:12:42.706,MCSLab RTT AP2,24:29:34:e1:ef:d4,-70,7866,1109,3542743342,true
4,2024-11-28 14:12:42.706,MCSLab RTT AP2,24:29:34:e1:ef:d4,-70,7866,1109,3542743342,true
4,2024-11-28 14:12:42.706,MCSLab RTT AP3,e4:5e:1b:a0:5e:85,-61,13882,181,3542743342,true
4,2024-11-28 14:12:42.706,MCSLab RTT AP2,24:29:34:e1:ef:d4,-70,7866,1109,3542743342,true
4,2024-11-28 14:12:42.706,MCSLab RTT AP3,e4:5e:1b:a0:5e:85,-61,13882,181,3542743342,true
4,2024-11-28 14:12:42.706,MCSLab RTT AP1,24:29:34:e2:4c:36,-58,2710,764,3542743342,true
4,2024-11-28 14:12:42.706,MCSLab RTT AP2,24:29:34:e1:ef:d4,-70,7866,1109,3542743342,true
4,2024-11-28 14:12:42.706,MCSLab RTT AP3,e4:5e:1b:a0:5e:85,-61,13882,181,3542743342,true
4,2024-11-28 14:12:42.706,MCSLab RTT AP1,24:29:34:e2:4c:36,-58,2710,764,3542743342,true
4,2024-11-28 14:12:42.706,MCSLab RTT AP3,b0:e4:d5:88:16:86,-58,866,1984,3542743342,true
4,2024-11-28 14:12:42.930,MCSLab RTT AP2,24:29:34:e1:ef:d4,-70,8530,838,3542743547,true
4,2024-11-28 14:12:42.930,MCSLab RTT AP2,24:29:34:e1:ef:d4,-70,8530,838,3542743547,true
4,2024-11-28 14:12:42.930,MCSLab RTT AP3,e4:5e:1b:a0:5e:85,-59,8315,158,3542743547,true
4,2024-11-28 14:12:42.930,MCSLab RTT AP2,24:29:34:e1:ef:d4,-70,8530,838,3542743547,true
4,2024-11-28 14:12:42.930,MCSLab RTT AP3,e4:5e:1b:a0:5e:85,-59,8315,158,3542743547,true
4,2024-11-28 14:12:42.930,MCSLab RTT AP1,24:29:34:e2:4c:36,-58,2797,390,3542743547,true
4,2024-11-28 14:12:42.930,MCSLab RTT AP2,24:29:34:e1:ef:d4,-70,8530,838,3542743547,true
4,2024-11-28 14:12:42.930,MCSLab RTT AP3,e4:5e:1b:a0:5e:85,-59,8315,158,3542743547,true
4,2024-11-28 14:12:42.930,MCSLab RTT AP1,24:29:34:e2:4c:36,-58,2797,390,3542743547,true
4,2024-11-28 14:12:42.930,MCSLab RTT AP3,b0:e4:d5:88:16:86,-60,1761,1297,3542743547,true
4,2024-11-28 14:12:43.132,MCSLab RTT AP2,24:29:34:e1:ef:d4,-70,7749,1156,3542743756,true
4,2024-11-28 14:12:43.132,MCSLab RTT AP2,24:29:34:e1:ef:d4,-70,7749,1156,3542743756,true
4,2024-11-28 14:12:43.132,MCSLab RTT AP3,e4:5e:1b:a0:5e:85,-59,8650,2451,3542743756,true
4,2024-11-28 14:12:43.132,MCSLab RTT AP2,24:29:34:e1:ef:d4,-70,7749,1156,3542743756,true
4,2024-11-28 14:12:43.132,MCSLab RTT AP3,e4:5e:1b:a0:5e:85,-59,8650,2451,3542743756,true
4,2024-11-28 14:12:43.132,MCSLab RTT AP1,24:29:34:e2:4c:36,-58,1303,794,3542743756,true
4,2024-11-28 14:12:43.132,MCSLab RTT AP2,24:29:34:e1:ef:d4,-70,7749,1156,3542743756,true
4,2024-11-28 14:12:43.132,MCSLab RTT AP3,e4:5e:1b:a0:5e:85,-59,8650,2451,3542743756,true
4,2024-11-28 14:12:43.132,MCSLab RTT AP1,24:29:34:e2:4c:36,-58,1303,794,3542743756,true
4,2024-11-28 14:12:43.132,MCSLab RTT AP3,b0:e4:d5:88:16:86,-61,1917,1200,3542743756,true
4,2024-11-28 14:12:43.266,MCSLab RTT AP2,24:29:34:e1:ef:d4,-70,8374,945,3542743903,true
4,2024-11-28 14:12:43.266,MCSLab RTT AP2,24:29:34:e1:ef:d4,-70,8374,945,3542743903,true
4,2024-11-28 14:12:43.266,MCSLab RTT AP3,e4:5e:1b:a0:5e:85,-59,9144,1886,3542743903,true
4,2024-11-28 14:12:43.266,MCSLab RTT AP2,24:29:34:e1:ef:d4,-70,8374,945,3542743903,true
4,2024-11-28 14:12:43.266,MCSLab RTT AP3,e4:5e:1b:a0:5e:85,-59,9144,1886,3542743903,true
4,2024-11-28 14:12:43.266,MCSLab RTT AP1,24:29:34:e2:4c:36,-58,1421,674,3542743903,true
4,2024-11-28 14:12:43.266,MCSLab RTT AP2,24:29:34:e1:ef:d4,-70,8374,945,3542743903,true
4,2024-11-28 14:12:43.266,MCSLab RTT AP3,e4:5e:1b:a0:5e:85,-59,9144,1886,3542743903,true
4,2024-11-28 14:12:43.266,MCSLab RTT AP1,24:29:34:e2:4c:36,-58,1421,674,3542743903,true
4,2024-11-28 14:12:43.266,MCSLab RTT AP3,b0:e4:d5:88:16:86,-60,1878,1176,3542743903,true
4,2024-11-28 14:12:43.407,MCSLab RTT AP2,24:29:34:e1:ef:d4,-70,7632,1244,3542744042,true
4,2024-11-28 14:12:43.407,MCSLab RTT AP2,24:29:34:e1:ef:d4,-70,7632,1244,3542744042,true
4,2024-11-28 14:12:43.407,MCSLab RTT AP3,e4:5e:1b:a0:5e:85,-61,13852,115,3542744042,true
4,2024-11-28 14:12:43.407,MCSLab RTT AP2,24:29:34:e1:ef:d4,-70,7632,1244,3542744042,true
4,2024-11-28 14:12:43.407,MCSLab RTT AP3,e4:5e:1b:a0:5e:85,-61,13852,115,3542744042,true
4,2024-11-28 14:12:43.407,MCSLab RTT AP1,24:29:34:e2:4c:36,-59,1421,718,3542744042,true
4,2024-11-28 14:12:43.407,MCSLab RTT AP2,24:29:34:e1:ef:d4,-70,7632,1244,3542744042,true
4,2024-11-28 14:12:43.407,MCSLab RTT AP3,e4:5e:1b:a0:5e:85,-61,13852,115,3542744042,true
4,2024-11-28 14:12:43.407,MCSLab RTT AP1,24:29:34:e2:4c:36,-59,1421,718,3542744042,true
4,2024-11-28 14:12:43.407,MCSLab RTT AP3,b0:e4:d5:88:16:86,-60,1839,1300,3542744042,true
4,2024-11-28 14:12:43.586,MCSLab RTT AP2,24:29:34:e1:ef:d4,-71,6967,1381,3542744221,true
4,2024-11-28 14:12:43.586,MCSLab RTT AP2,24:29:34:e1:ef:d4,-71,6967,1381,3542744221,true
4,2024-11-28 14:12:43.586,MCSLab RTT AP3,e4:5e:1b:a0:5e:85,-61,13852,74,3542744221,true
4,2024-11-28 14:12:43.586,MCSLab RTT AP2,24:29:34:e1:ef:d4,-71,6967,1381,3542744221,true
4,2024-11-28 14:12:43.586,MCSLab RTT AP3,e4:5e:1b:a0:5e:85,-61,13852,74,3542744221,true
4,2024-11-28 14:12:43.586,MCSLab RTT AP1,24:29:34:e2:4c:36,-52,1143,1076,3542744221,true
4,2024-11-28 14:12:43.586,MCSLab RTT AP2,24:29:34:e1:ef:d4,-71,6967,1381,3542744221,true
4,2024-11-28 14:12:43.586,MCSLab RTT AP3,e4:5e:1b:a0:5e:85,-61,13852,74,3542744221,true
4,2024-11-28 14:12:43.586,MCSLab RTT AP1,24:29:34:e2:4c:36,-52,1143,1076,3542744221,true
4,2024-11-28 14:12:43.586,MCSLab RTT AP3,b0:e4:d5:88:16:86,-60,1878,1224,3542744221,true
4,2024-11-28 14:12:43.730,MCSLab RTT AP2,24:29:34:e1:ef:d4,-70,7046,1327,3542744367,true
4,2024-11-28 14:12:43.730,MCSLab RTT AP2,24:29:34:e1:ef:d4,-70,7046,1327,3542744367,true
4,2024-11-28 14:12:43.730,MCSLab RTT AP3,e4:5e:1b:a0:5e:85,-61,8286,2703,3542744366,true
4,2024-11-28 14:12:43.730,MCSLab RTT AP2,24:29:34:e1:ef:d4,-70,7046,1327,3542744367,true
4,2024-11-28 14:12:43.730,MCSLab RTT AP3,e4:5e:1b:a0:5e:85,-61,8286,2703,3542744366,true
4,2024-11-28 14:12:43.730,MCSLab RTT AP1,24:29:34:e2:4c:36,-58,1655,573,3542744366,true
4,2024-11-28 14:12:43.730,MCSLab RTT AP2,24:29:34:e1:ef:d4,-70,7046,1327,3542744367,true
4,2024-11-28 14:12:43.730,MCSLab RTT AP3,e4:5e:1b:a0:5e:85,-61,8286,2703,3542744366,true
4,2024-11-28 14:12:43.730,MCSLab RTT AP1,24:29:34:e2:4c:36,-58,1655,573,3542744366,true
4,2024-11-28 14:12:43.730,MCSLab RTT AP3,b0:e4:d5:88:16:86,-60,1644,1541,3542744366,true
4,2024-11-28 14:12:43.933,MCSLab RTT AP2,24:29:34:e1:ef:d4,-71,8491,922,3542744572,true
4,2024-11-28 14:12:43.933,MCSLab RTT AP2,24:29:34:e1:ef:d4,-71,8491,922,3542744572,true
4,2024-11-28 14:12:43.933,MCSLab RTT AP3,e4:5e:1b:a0:5e:85,-61,14125,518,3542744572,true
4,2024-11-28 14:12:43.933,MCSLab RTT AP2,24:29:34:e1:ef:d4,-71,8491,922,3542744572,true
4,2024-11-28 14:12:43.933,MCSLab RTT AP3,e4:5e:1b:a0:5e:85,-61,14125,518,3542744572,true
4,2024-11-28 14:12:43.933,MCSLab RTT AP1,24:29:34:e2:4c:36,-59,1303,805,3542744572,true
4,2024-11-28 14:12:43.933,MCSLab RTT AP2,24:29:34:e1:ef:d4,-71,8491,922,3542744572,true
4,2024-11-28 14:12:43.933,MCSLab RTT AP3,e4:5e:1b:a0:5e:85,-61,14125,518,3542744572,true
4,2024-11-28 14:12:43.933,MCSLab RTT AP1,24:29:34:e2:4c:36,-59,1303,805,3542744572,true
4,2024-11-28 14:12:43.933,MCSLab RTT AP3,b0:e4:d5:88:16:86,-60,1527,1541,3542744572,true
4,2024-11-28 14:12:44.168,MCSLab RTT AP2,24:29:34:e1:ef:d4,-70,7788,1157,3542744776,true
4,2024-11-28 14:12:44.168,MCSLab RTT AP2,24:29:34:e1:ef:d4,-70,7788,1157,3542744776,true
4,2024-11-28 14:12:44.168,MCSLab RTT AP3,e4:5e:1b:a0:5e:85,-61,13911,88,3542744776,true
4,2024-11-28 14:12:44.168,MCSLab RTT AP2,24:29:34:e1:ef:d4,-70,7788,1157,3542744776,true
4,2024-11-28 14:12:44.168,MCSLab RTT AP3,e4:5e:1b:a0:5e:85,-61,13911,88,3542744776,true
4,2024-11-28 14:12:44.168,MCSLab RTT AP1,24:29:34:e2:4c:36,-58,1499,679,3542744776,true
4,2024-11-28 14:12:44.168,MCSLab RTT AP2,24:29:34:e1:ef:d4,-70,7788,1157,3542744776,true
4,2024-11-28 14:12:44.168,MCSLab RTT AP3,e4:5e:1b:a0:5e:85,-61,13911,88,3542744776,true
4,2024-11-28 14:12:44.168,MCSLab RTT AP1,24:29:34:e2:4c:36,-58,1499,679,3542744776,true
4,2024-11-28 14:12:44.168,MCSLab RTT AP3,b0:e4:d5:88:16:86,-58,1488,1693,3542744776,true
4,2024-11-28 14:12:44.349,MCSLab RTT AP2,24:29:34:e1:ef:d4,-70,7788,1116,3542744985,true
4,2024-11-28 14:12:44.349,MCSLab RTT AP2,24:29:34:e1:ef:d4,-70,7788,1116,3542744985,true
4,2024-11-28 14:12:44.349,MCSLab RTT AP3,e4:5e:1b:a0:5e:85,-61,13794,99,3542744985,true
4,2024-11-28 14:12:44.349,MCSLab RTT AP2,24:29:34:e1:ef:d4,-70,7788,1116,3542744985,true
4,2024-11-28 14:12:44.349,MCSLab RTT AP3,e4:5e:1b:a0:5e:85,-61,13794,99,3542744985,true
4,2024-11-28 14:12:44.349,MCSLab RTT AP1,24:29:34:e2:4c:36,-58,1303,711,3542744985,true
4,2024-11-28 14:12:44.349,MCSLab RTT AP2,24:29:34:e1:ef:d4,-70,7788,1116,3542744985,true
4,2024-11-28 14:12:44.349,MCSLab RTT AP3,e4:5e:1b:a0:5e:85,-61,13794,99,3542744985,true
4,2024-11-28 14:12:44.349,MCSLab RTT AP1,24:29:34:e2:4c:36,-58,1303,711,3542744985,true
4,2024-11-28 14:12:44.349,MCSLab RTT AP3,b0:e4:d5:88:16:86,-60,1644,1292,3542744985,true
4,2024-11-28 14:12:44.506,MCSLab RTT AP2,24:29:34:e1:ef:d4,-70,8491,954,3542745142,true
4,2024-11-28 14:12:44.506,MCSLab RTT AP2,24:29:34:e1:ef:d4,-70,8491,954,3542745142,true
4,2024-11-28 14:12:44.506,MCSLab RTT AP3,e4:5e:1b:a0:5e:85,-61,13852,134,3542745142,true
4,2024-11-28 14:12:44.506,MCSLab RTT AP2,24:29:34:e1:ef:d4,-70,8491,954,3542745142,true
4,2024-11-28 14:12:44.506,MCSLab RTT AP3,e4:5e:1b:a0:5e:85,-61,13852,134,3542745142,true
4,2024-11-28 14:12:44.506,MCSLab RTT AP1,24:29:34:e2:4c:36,-58,1616,700,3542745142,true
4,2024-11-28 14:12:44.506,MCSLab RTT AP2,24:29:34:e1:ef:d4,-70,8491,954,3542745142,true
4,2024-11-28 14:12:44.506,MCSLab RTT AP3,e4:5e:1b:a0:5e:85,-61,13852,134,3542745142,true
4,2024-11-28 14:12:44.506,MCSLab RTT AP1,24:29:34:e2:4c:36,-58,1616,700,3542745142,true
4,2024-11-28 14:12:44.506,MCSLab RTT AP3,b0:e4:d5:88:16:86,-60,1449,1347,3542745142,true
4,2024-11-28 14:12:44.635,MCSLab RTT AP2,24:29:34:e1:ef:d4,-71,7163,1271,3542745270,true
4,2024-11-28 14:12:44.635,MCSLab RTT AP2,24:29:34:e1:ef:d4,-71,7163,1271,3542745270,true
4,2024-11-28 14:12:44.635,MCSLab RTT AP3,e4:5e:1b:a0:5e:85,-61,13911,88,3542745269,true
4,2024-11-28 14:12:44.635,MCSLab RTT AP2,24:29:34:e1:ef:d4,-71,7163,1271,3542745270,true
4,2024-11-28 14:12:44.635,MCSLab RTT AP3,e4:5e:1b:a0:5e:85,-61,13911,88,3542745269,true
4,2024-11-28 14:12:44.635,MCSLab RTT AP1,24:29:34:e2:4c:36,-58,2163,623,3542745270,true
4,2024-11-28 14:12:44.635,MCSLab RTT AP2,24:29:34:e1:ef:d4,-71,7163,1271,3542745270,true
4,2024-11-28 14:12:44.635,MCSLab RTT AP3,e4:5e:1b:a0:5e:85,-61,13911,88,3542745269,true
4,2024-11-28 14:12:44.635,MCSLab RTT AP1,24:29:34:e2:4c:36,-58,2163,623,3542745270,true
4,2024-11-28 14:12:44.635,MCSLab RTT AP3,b0:e4:d5:88:16:86,-60,1488,1315,3542745269,true
4,2024-11-28 14:12:44.764,MCSLab RTT AP2,24:29:34:e1:ef:d4,-71,7866,1012,3542745401,true
4,2024-11-28 14:12:44.764,MCSLab RTT AP2,24:29:34:e1:ef:d4,-71,7866,1012,3542745401,true
4,2024-11-28 14:12:44.764,MCSLab RTT AP3,e4:5e:1b:a0:5e:85,-59,14067,409,3542745400,true
4,2024-11-28 14:12:44.764,MCSLab RTT AP2,24:29:34:e1:ef:d4,-71,7866,1012,3542745401,true
4,2024-11-28 14:12:44.764,MCSLab RTT AP3,e4:5e:1b:a0:5e:85,-59,14067,409,3542745400,true
4,2024-11-28 14:12:44.764,MCSLab RTT AP1,24:29:34:e2:4c:36,-59,1342,761,3542745400,true
4,2024-11-28 14:12:44.764,MCSLab RTT AP2,24:29:34:e1:ef:d4,-71,7866,1012,3542745401,true
4,2024-11-28 14:12:44.764,MCSLab RTT AP3,e4:5e:1b:a0:5e:85,-59,14067,409,3542745400,true
4,2024-11-28 14:12:44.764,MCSLab RTT AP1,24:29:34:e2:4c:36,-59,1342,761,3542745400,true
4,2024-11-28 14:12:44.764,MCSLab RTT AP3,b0:e4:d5:88:16:86,-60,1605,1248,3542745400,true
4,2024-11-28 14:12:44.970,MCSLab RTT AP2,24:29:34:e1:ef:d4,-70,7866,1159,3542745599,true
4,2024-11-28 14:12:44.970,MCSLab RTT AP2,24:29:34:e1:ef:d4,-70,7866,1159,3542745599,true
4,2024-11-28 14:12:44.970,MCSLab RTT AP3,e4:5e:1b:a0:5e:85,-61,13999,127,3542745599,true
4,2024-11-28 14:12:44.970,MCSLab RTT AP2,24:29:34:e1:ef:d4,-70,7866,1159,3542745599,true
4,2024-11-28 14:12:44.970,MCSLab RTT AP3,e4:5e:1b:a0:5e:85,-61,13999,127,3542745599,true
4,2024-11-28 14:12:44.970,MCSLab RTT AP1,24:29:34:e2:4c:36,-51,1143,884,3542745599,true
4,2024-11-28 14:12:44.970,MCSLab RTT AP2,24:29:34:e1:ef:d4,-70,7866,1159,3542745599,true
4,2024-11-28 14:12:44.970,MCSLab RTT AP3,e4:5e:1b:a0:5e:85,-61,13999,127,3542745599,true
4,2024-11-28 14:12:44.970,MCSLab RTT AP1,24:29:34:e2:4c:36,-51,1143,884,3542745599,true
4,2024-11-28 14:12:44.970,MCSLab RTT AP3,b0:e4:d5:88:16:86,-60,1448,1374,3542745599,true
4,2024-11-28 14:12:45.096,MCSLab RTT AP2,24:29:34:e1:ef:d4,-70,7749,1220,3542745735,true
4,2024-11-28 14:12:45.096,MCSLab RTT AP2,24:29:34:e1:ef:d4,-70,7749,1220,3542745735,true
4,2024-11-28 14:12:45.096,MCSLab RTT AP3,e4:5e:1b:a0:5e:85,-61,8247,2700,3542745735,true
4,2024-11-28 14:12:45.096,MCSLab RTT AP2,24:29:34:e1:ef:d4,-70,7749,1220,3542745735,true
4,2024-11-28 14:12:45.096,MCSLab RTT AP3,e4:5e:1b:a0:5e:85,-61,8247,2700,3542745735,true
4,2024-11-28 14:12:45.096,MCSLab RTT AP1,24:29:34:e2:4c:36,-59,1264,818,3542745735,true
4,2024-11-28 14:12:45.096,MCSLab RTT AP2,24:29:34:e1:ef:d4,-70,7749,1220,3542745735,true
4,2024-11-28 14:12:45.096,MCSLab RTT AP3,e4:5e:1b:a0:5e:85,-61,8247,2700,3542745735,true
4,2024-11-28 14:12:45.096,MCSLab RTT AP1,24:29:34:e2:4c:36,-59,1264,818,3542745735,true
4,2024-11-28 14:12:45.096,MCSLab RTT AP3,b0:e4:d5:88:16:86,-60,1722,1312,3542745735,true
4,2024-11-28 14:12:45.212,MCSLab RTT AP2,24:29:34:e1:ef:d4,-70,7007,1390,3542745848,true
4,2024-11-28 14:12:45.212,MCSLab RTT AP2,24:29:34:e1:ef:d4,-70,7007,1390,3542745848,true
4,2024-11-28 14:12:45.212,MCSLab RTT AP3,e4:5e:1b:a0:5e:85,-61,14057,102,3542745848,true
4,2024-11-28 14:12:45.212,MCSLab RTT AP2,24:29:34:e1:ef:d4,-70,7007,1390,3542745848,true
4,2024-11-28 14:12:45.212,MCSLab RTT AP3,e4:5e:1b:a0:5e:85,-61,14057,102,3542745848,true
4,2024-11-28 14:12:45.212,MCSLab RTT AP1,24:29:34:e2:4c:36,-59,1225,871,3542745848,true
4,2024-11-28 14:12:45.212,MCSLab RTT AP2,24:29:34:e1:ef:d4,-70,7007,1390,3542745848,true
4,2024-11-28 14:12:45.212,MCSLab RTT AP3,e4:5e:1b:a0:5e:85,-61,14057,102,3542745848,true
4,2024-11-28 14:12:45.212,MCSLab RTT AP1,24:29:34:e2:4c:36,-59,1225,871,3542745848,true
4,2024-11-28 14:12:45.212,MCSLab RTT AP3,b0:e4:d5:88:16:86,-60,1370,1682,3542745848,true
4,2024-11-28 14:12:45.345,MCSLab RTT AP2,24:29:34:e1:ef:d4,-71,9233,282,3542745981,true
4,2024-11-28 14:12:45.345,MCSLab RTT AP2,24:29:34:e1:ef:d4,-71,9233,282,3542745981,true
4,2024-11-28 14:12:45.345,MCSLab RTT AP3,e4:5e:1b:a0:5e:85,-61,8325,2636,3542745980,true
4,2024-11-28 14:12:45.345,MCSLab RTT AP2,24:29:34:e1:ef:d4,-71,9233,282,3542745981,true
4,2024-11-28 14:12:45.345,MCSLab RTT AP3,e4:5e:1b:a0:5e:85,-61,8325,2636,3542745980,true
4,2024-11-28 14:12:45.345,MCSLab RTT AP1,24:29:34:e2:4c:36,-59,1342,773,3542745981,true
4,2024-11-28 14:12:45.345,MCSLab RTT AP2,24:29:34:e1:ef:d4,-71,9233,282,3542745981,true
4,2024-11-28 14:12:45.345,MCSLab RTT AP3,e4:5e:1b:a0:5e:85,-61,8325,2636,3542745980,true
4,2024-11-28 14:12:45.345,MCSLab RTT AP1,24:29:34:e2:4c:36,-59,1342,773,3542745981,true
4,2024-11-28 14:12:45.345,MCSLab RTT AP3,b0:e4:d5:88:16:86,-60,1566,1543,3542745980,true
4,2024-11-28 14:12:45.545,MCSLab RTT AP2,24:29:34:e1:ef:d4,-70,7749,1179,3542746162,true
4,2024-11-28 14:12:45.545,MCSLab RTT AP2,24:29:34:e1:ef:d4,-70,7749,1179,3542746162,true
4,2024-11-28 14:12:45.545,MCSLab RTT AP3,e4:5e:1b:a0:5e:85,-61,8325,2650,3542746162,true
4,2024-11-28 14:12:45.545,MCSLab RTT AP2,24:29:34:e1:ef:d4,-70,7749,1179,3542746162,true
4,2024-11-28 14:12:45.545,MCSLab RTT AP3,e4:5e:1b:a0:5e:85,-61,8325,2650,3542746162,true
4,2024-11-28 14:12:45.545,MCSLab RTT AP1,24:29:34:e2:4c:36,-55,2202,644,3542746162,true
4,2024-11-28 14:12:45.545,MCSLab RTT AP2,24:29:34:e1:ef:d4,-70,7749,1179,3542746162,true
4,2024-11-28 14:12:45.545,MCSLab RTT AP3,e4:5e:1b:a0:5e:85,-61,8325,2650,3542746162,true
4,2024-11-28 14:12:45.545,MCSLab RTT AP1,24:29:34:e2:4c:36,-55,2202,644,3542746162,true
4,2024-11-28 14:12:45.545,MCSLab RTT AP3,b0:e4:d5:88:16:86,-61,1683,1360,3542746162,true
4,2024-11-28 14:12:45.689,MCSLab RTT AP2,24:29:34:e1:ef:d4,-70,7319,1272,3542746312,true
4,2024-11-28 14:12:45.689,MCSLab RTT AP2,24:29:34:e1:ef:d4,-70,7319,1272,3542746312,true
4,2024-11-28 14:12:45.689,MCSLab RTT AP3,e4:5e:1b:a0:5e:85,-61,8208,2664,3542746312,true
4,2024-11-28 14:12:45.689,MCSLab RTT AP2,24:29:34:e1:ef:d4,-70,7319,1272,3542746312,true
4,2024-11-28 14:12:45.689,MCSLab RTT AP3,e4:5e:1b:a0:5e:85,-61,8208,2664,3542746312,true
4,2024-11-28 14:12:45.689,MCSLab RTT AP1,24:29:34:e2:4c:36,-59,1577,602,3542746312,true
4,2024-11-28 14:12:45.689,MCSLab RTT AP2,24:29:34:e1:ef:d4,-70,7319,1272,3542746312,true
4,2024-11-28 14:12:45.689,MCSLab RTT AP3,e4:5e:1b:a0:5e:85,-61,8208,2664,3542746312,true
4,2024-11-28 14:12:45.689,MCSLab RTT AP1,24:29:34:e2:4c:36,-59,1577,602,3542746312,true
4,2024-11-28 14:12:45.689,MCSLab RTT AP3,b0:e4:d5:88:16:86,-61,1878,1234,3542746312,true
4,2024-11-28 14:12:45.904,MCSLab RTT AP2,24:29:34:e1:ef:d4,-71,8491,851,3542746520,true
4,2024-11-28 14:12:45.904,MCSLab RTT AP2,24:29:34:e1:ef:d4,-71,8491,851,3542746520,true
4,2024-11-28 14:12:45.904,MCSLab RTT AP3,e4:5e:1b:a0:5e:85,-61,13969,81,3542746520,true
4,2024-11-28 14:12:45.904,MCSLab RTT AP2,24:29:34:e1:ef:d4,-71,8491,851,3542746520,true
4,2024-11-28 14:12:45.904,MCSLab RTT AP3,e4:5e:1b:a0:5e:85,-61,13969,81,3542746520,true
4,2024-11-28 14:12:45.904,MCSLab RTT AP1,24:29:34:e2:4c:36,-59,1303,761,3542746520,true
4,2024-11-28 14:12:45.904,MCSLab RTT AP2,24:29:34:e1:ef:d4,-71,8491,851,3542746520,true
4,2024-11-28 14:12:45.904,MCSLab RTT AP3,e4:5e:1b:a0:5e:85,-61,13969,81,3542746520,true
4,2024-11-28 14:12:45.904,MCSLab RTT AP1,24:29:34:e2:4c:36,-59,1303,761,3542746520,true
4,2024-11-28 14:12:45.904,MCSLab RTT AP3,b0:e4:d5:88:16:86,-61,1839,1166,3542746520,true
4,2024-11-28 14:12:46.087,MCSLab RTT AP2,24:29:34:e1:ef:d4,-70,7319,1229,3542746723,true
4,2024-11-28 14:12:46.087,MCSLab RTT AP2,24:29:34:e1:ef:d4,-70,7319,1229,3542746723,true
4,2024-11-28 14:12:46.087,MCSLab RTT AP3,e4:5e:1b:a0:5e:85,-61,8325,1638,3542746722,true
4,2024-11-28 14:12:46.087,MCSLab RTT AP2,24:29:34:e1:ef:d4,-70,7319,1229,3542746723,true
4,2024-11-28 14:12:46.087,MCSLab RTT AP3,e4:5e:1b:a0:5e:85,-61,8325,1638,3542746722,true
4,2024-11-28 14:12:46.087,MCSLab RTT AP1,24:29:34:e2:4c:36,-59,1421,665,3542746722,true
4,2024-11-28 14:12:46.087,MCSLab RTT AP2,24:29:34:e1:ef:d4,-70,7319,1229,3542746723,true
4,2024-11-28 14:12:46.087,MCSLab RTT AP3,e4:5e:1b:a0:5e:85,-61,8325,1638,3542746722,true
4,2024-11-28 14:12:46.087,MCSLab RTT AP1,24:29:34:e2:4c:36,-59,1421,665,3542746722,true
4,2024-11-28 14:12:46.087,MCSLab RTT AP3,b0:e4:d5:88:16:86,-59,1878,1182,3542746722,true
4,2024-11-28 14:12:46.291,MCSLab RTT AP2,24:29:34:e1:ef:d4,-70,8569,811,3542746927,true
4,2024-11-28 14:12:46.291,MCSLab RTT AP2,24:29:34:e1:ef:d4,-70,8569,811,3542746927,true
4,2024-11-28 14:12:46.291,MCSLab RTT AP3,e4:5e:1b:a0:5e:85,-61,8247,2197,3542746927,true
4,2024-11-28 14:12:46.291,MCSLab RTT AP2,24:29:34:e1:ef:d4,-70,8569,811,3542746927,true
4,2024-11-28 14:12:46.291,MCSLab RTT AP3,e4:5e:1b:a0:5e:85,-61,8247,2197,3542746927,true
4,2024-11-28 14:12:46.291,MCSLab RTT AP1,24:29:34:e2:4c:36,-59,1342,795,3542746927,true
4,2024-11-28 14:12:46.291,MCSLab RTT AP2,24:29:34:e1:ef:d4,-70,8569,811,3542746927,true
4,2024-11-28 14:12:46.291,MCSLab RTT AP3,e4:5e:1b:a0:5e:85,-61,8247,2197,3542746927,true
4,2024-11-28 14:12:46.291,MCSLab RTT AP1,24:29:34:e2:4c:36,-59,1342,795,3542746927,true
4,2024-11-28 14:12:46.291,MCSLab RTT AP3,b0:e4:d5:88:16:86,-59,1722,1248,3542746927,true
4,2024-11-28 14:12:46.516,MCSLab RTT AP2,24:29:34:e1:ef:d4,-71,7671,1233,3542747138,true
4,2024-11-28 14:12:46.516,MCSLab RTT AP2,24:29:34:e1:ef:d4,-71,7671,1233,3542747138,true
4,2024-11-28 14:12:46.516,MCSLab RTT AP3,e4:5e:1b:a0:5e:85,-59,8650,1976,3542747138,true
4,2024-11-28 14:12:46.516,MCSLab RTT AP2,24:29:34:e1:ef:d4,-71,7671,1233,3542747138,true
4,2024-11-28 14:12:46.516,MCSLab RTT AP3,e4:5e:1b:a0:5e:85,-59,8650,1976,3542747138,true
4,2024-11-28 14:12:46.516,MCSLab RTT AP1,24:29:34:e2:4c:36,-59,1421,723,3542747138,true
4,2024-11-28 14:12:46.516,MCSLab RTT AP2,24:29:34:e1:ef:d4,-71,7671,1233,3542747138,true
4,2024-11-28 14:12:46.516,MCSLab RTT AP3,e4:5e:1b:a0:5e:85,-59,8650,1976,3542747138,true
4,2024-11-28 14:12:46.516,MCSLab RTT AP1,24:29:34:e2:4c:36,-59,1421,723,3542747138,true
4,2024-11-28 14:12:46.516,MCSLab RTT AP3,b0:e4:d5:88:16:86,-56,1761,1236,3542747138,true
4,2024-11-28 14:12:46.647,MCSLab RTT AP2,24:29:34:e1:ef:d4,-70,8491,934,3542747285,true
4,2024-11-28 14:12:46.647,MCSLab RTT AP2,24:29:34:e1:ef:d4,-70,8491,934,3542747285,true
4,2024-11-28 14:12:46.647,MCSLab RTT AP3,e4:5e:1b:a0:5e:85,-61,8130,2757,3542747284,true
4,2024-11-28 14:12:46.647,MCSLab RTT AP2,24:29:34:e1:ef:d4,-70,8491,934,3542747285,true
4,2024-11-28 14:12:46.647,MCSLab RTT AP3,e4:5e:1b:a0:5e:85,-61,8130,2757,3542747284,true
4,2024-11-28 14:12:46.647,MCSLab RTT AP1,24:29:34:e2:4c:36,-59,1538,608,3542747285,true
4,2024-11-28 14:12:46.647,MCSLab RTT AP2,24:29:34:e1:ef:d4,-70,8491,934,3542747285,true
4,2024-11-28 14:12:46.647,MCSLab RTT AP3,e4:5e:1b:a0:5e:85,-61,8130,2757,3542747284,true
4,2024-11-28 14:12:46.647,MCSLab RTT AP1,24:29:34:e2:4c:36,-59,1538,608,3542747285,true
4,2024-11-28 14:12:46.647,MCSLab RTT AP3,b0:e4:d5:88:16:86,-61,1761,1207,3542747284,true
4,2024-11-28 14:12:46.791,MCSLab RTT AP2,24:29:34:e1:ef:d4,-70,7241,1284,3542747425,true
4,2024-11-28 14:12:46.791,MCSLab RTT AP2,24:29:34:e1:ef:d4,-70,7241,1284,3542747425,true
4,2024-11-28 14:12:46.791,MCSLab RTT AP3,e4:5e:1b:a0:5e:85,-61,8364,2433,3542747425,true
4,2024-11-28 14:12:46.791,MCSLab RTT AP2,24:29:34:e1:ef:d4,-70,7241,1284,3542747425,true
4,2024-11-28 14:12:46.791,MCSLab RTT AP3,e4:5e:1b:a0:5e:85,-61,8364,2433,3542747425,true
4,2024-11-28 14:12:46.791,MCSLab RTT AP1,24:29:34:e2:4c:36,-59,1538,650,3542747425,true
4,2024-11-28 14:12:46.791,MCSLab RTT AP2,24:29:34:e1:ef:d4,-70,7241,1284,3542747425,true
4,2024-11-28 14:12:46.791,MCSLab RTT AP3,e4:5e:1b:a0:5e:85,-61,8364,2433,3542747425,true
4,2024-11-28 14:12:46.791,MCSLab RTT AP1,24:29:34:e2:4c:36,-59,1538,650,3542747425,true
4,2024-11-28 14:12:46.791,MCSLab RTT AP3,b0:e4:d5:88:16:86,-61,1644,1297,3542747425,true
4,2024-11-28 14:12:47.011,MCSLab RTT AP2,24:29:34:e1:ef:d4,-70,7944,1038,3542747644,true
4,2024-11-28 14:12:47.011,MCSLab RTT AP2,24:29:34:e1:ef:d4,-70,7944,1038,3542747644,true
4,2024-11-28 14:12:47.011,MCSLab RTT AP3,e4:5e:1b:a0:5e:85,-61,14057,107,3542747644,true
4,2024-11-28 14:12:47.011,MCSLab RTT AP2,24:29:34:e1:ef:d4,-70,7944,1038,3542747644,true
4,2024-11-28 14:12:47.011,MCSLab RTT AP3,e4:5e:1b:a0:5e:85,-61,14057,107,3542747644,true
4,2024-11-28 14:12:47.011,MCSLab RTT AP1,24:29:34:e2:4c:36,-58,2827,769,3542747644,true
4,2024-11-28 14:12:47.011,MCSLab RTT AP2,24:29:34:e1:ef:d4,-70,7944,1038,3542747644,true
4,2024-11-28 14:12:47.011,MCSLab RTT AP3,e4:5e:1b:a0:5e:85,-61,14057,107,3542747644,true
4,2024-11-28 14:12:47.011,MCSLab RTT AP1,24:29:34:e2:4c:36,-58,2827,769,3542747644,true
4,2024-11-28 14:12:47.011,MCSLab RTT AP3,b0:e4:d5:88:16:86,-60,1683,1223,3542747644,true
4,2024-11-28 14:12:47.116,MCSLab RTT AP2,24:29:34:e1:ef:d4,-71,7944,1084,3542747746,true
4,2024-11-28 14:12:47.116,MCSLab RTT AP2,24:29:34:e1:ef:d4,-71,7944,1084,3542747746,true
4,2024-11-28 14:12:47.116,MCSLab RTT AP3,e4:5e:1b:a0:5e:85,-61,8208,2609,3542747746,true
4,2024-11-28 14:12:47.116,MCSLab RTT AP2,24:29:34:e1:ef:d4,-71,7944,1084,3542747746,true
4,2024-11-28 14:12:47.116,MCSLab RTT AP3,e4:5e:1b:a0:5e:85,-61,8208,2609,3542747746,true
4,2024-11-28 14:12:47.116,MCSLab RTT AP1,24:29:34:e2:4c:36,-58,1655,640,3542747746,true
4,2024-11-28 14:12:47.116,MCSLab RTT AP2,24:29:34:e1:ef:d4,-71,7944,1084,3542747746,true
4,2024-11-28 14:12:47.116,MCSLab RTT AP3,e4:5e:1b:a0:5e:85,-61,8208,2609,3542747746,true
4,2024-11-28 14:12:47.116,MCSLab RTT AP1,24:29:34:e2:4c:36,-58,1655,640,3542747746,true
4,2024-11-28 14:12:47.116,MCSLab RTT AP3,b0:e4:d5:88:16:86,-60,1644,1585,3542747746,true
4,2024-11-28 14:12:47.315,MCSLab RTT AP2,24:29:34:e1:ef:d4,-71,8022,1056,3542747951,true
4,2024-11-28 14:12:47.315,MCSLab RTT AP2,24:29:34:e1:ef:d4,-71,8022,1056,3542747951,true
4,2024-11-28 14:12:47.315,MCSLab RTT AP3,e4:5e:1b:a0:5e:85,-61,13911,82,3542747951,true
4,2024-11-28 14:12:47.315,MCSLab RTT AP2,24:29:34:e1:ef:d4,-71,8022,1056,3542747951,true
4,2024-11-28 14:12:47.315,MCSLab RTT AP3,e4:5e:1b:a0:5e:85,-61,13911,82,3542747951,true
4,2024-11-28 14:12:47.315,MCSLab RTT AP1,24:29:34:e2:4c:36,-58,2798,483,3542747951,true
4,2024-11-28 14:12:47.315,MCSLab RTT AP2,24:29:34:e1:ef:d4,-71,8022,1056,3542747951,true
4,2024-11-28 14:12:47.315,MCSLab RTT AP3,e4:5e:1b:a0:5e:85,-61,13911,82,3542747951,true
4,2024-11-28 14:12:47.315,MCSLab RTT AP1,24:29:34:e2:4c:36,-58,2798,483,3542747951,true
4,2024-11-28 14:12:47.315,MCSLab RTT AP3,b0:e4:d5:88:16:86,-55,1644,1662,3542747951,true
4,2024-11-28 14:12:47.528,MCSLab RTT AP2,24:29:34:e1:ef:d4,-70,7280,1235,3542748165,true
4,2024-11-28 14:12:47.528,MCSLab RTT AP2,24:29:34:e1:ef:d4,-70,7280,1235,3542748165,true
4,2024-11-28 14:12:47.528,MCSLab RTT AP3,e4:5e:1b:a0:5e:85,-61,13882,75,3542748165,true
4,2024-11-28 14:12:47.528,MCSLab RTT AP2,24:29:34:e1:ef:d4,-70,7280,1235,3542748165,true
4,2024-11-28 14:12:47.528,MCSLab RTT AP3,e4:5e:1b:a0:5e:85,-61,13882,75,3542748165,true
4,2024-11-28 14:12:47.528,MCSLab RTT AP1,24:29:34:e2:4c:36,-58,2944,370,3542748165,true
4,2024-11-28 14:12:47.528,MCSLab RTT AP2,24:29:34:e1:ef:d4,-70,7280,1235,3542748165,true
4,2024-11-28 14:12:47.528,MCSLab RTT AP3,e4:5e:1b:a0:5e:85,-61,13882,75,3542748165,true
4,2024-11-28 14:12:47.528,MCSLab RTT AP1,24:29:34:e2:4c:36,-58,2944,370,3542748165,true
4,2024-11-28 14:12:47.528,MCSLab RTT AP3,b0:e4:d5:88:16:86,-55,1761,1384,3542748165,true
4,2024-11-28 14:12:47.738,MCSLab RTT AP2,24:29:34:e1:ef:d4,-70,8686,792,3542748362,true
4,2024-11-28 14:12:47.738,MCSLab RTT AP2,24:29:34:e1:ef:d4,-70,8686,792,3542748362,true
4,2024-11-28 14:12:47.738,MCSLab RTT AP3,e4:5e:1b:a0:5e:85,-61,13794,153,3542748362,true
4,2024-11-28 14:12:47.738,MCSLab RTT AP2,24:29:34:e1:ef:d4,-70,8686,792,3542748362,true
4,2024-11-28 14:12:47.738,MCSLab RTT AP3,e4:5e:1b:a0:5e:85,-61,13794,153,3542748362,true
4,2024-11-28 14:12:47.738,MCSLab RTT AP1,24:29:34:e2:4c:36,-59,2886,441,3542748362,true
4,2024-11-28 14:12:47.738,MCSLab RTT AP2,24:29:34:e1:ef:d4,-70,8686,792,3542748362,true
4,2024-11-28 14:12:47.738,MCSLab RTT AP3,e4:5e:1b:a0:5e:85,-61,13794,153,3542748362,true
4,2024-11-28 14:12:47.738,MCSLab RTT AP1,24:29:34:e2:4c:36,-59,2886,441,3542748362,true
4,2024-11-28 14:12:47.738,MCSLab RTT AP3,b0:e4:d5:88:16:86,-60,1527,1370,3542748362,true
4,2024-11-28 14:12:47.932,MCSLab RTT AP2,24:29:34:e1:ef:d4,-70,7085,1333,3542748568,true
4,2024-11-28 14:12:47.932,MCSLab RTT AP2,24:29:34:e1:ef:d4,-70,7085,1333,3542748568,true
4,2024-11-28 14:12:47.932,MCSLab RTT AP3,e4:5e:1b:a0:5e:85,-61,13911,82,3542748568,true
4,2024-11-28 14:12:47.932,MCSLab RTT AP2,24:29:34:e1:ef:d4,-70,7085,1333,3542748568,true
4,2024-11-28 14:12:47.932,MCSLab RTT AP3,e4:5e:1b:a0:5e:85,-61,13911,82,3542748568,true
4,2024-11-28 14:12:47.932,MCSLab RTT AP1,24:29:34:e2:4c:36,-58,2280,648,3542748568,true
4,2024-11-28 14:12:47.932,MCSLab RTT AP2,24:29:34:e1:ef:d4,-70,7085,1333,3542748568,true
4,2024-11-28 14:12:47.932,MCSLab RTT AP3,e4:5e:1b:a0:5e:85,-61,13911,82,3542748568,true
4,2024-11-28 14:12:47.932,MCSLab RTT AP1,24:29:34:e2:4c:36,-58,2280,648,3542748568,true
4,2024-11-28 14:12:47.932,MCSLab RTT AP3,b0:e4:d5:88:16:86,-60,1566,1188,3542748567,true
4,2024-11-28 14:12:48.088,MCSLab RTT AP2,24:29:34:e1:ef:d4,-70,7319,1233,3542748723,true
4,2024-11-28 14:12:48.088,MCSLab RTT AP2,24:29:34:e1:ef:d4,-70,7319,1233,3542748723,true
4,2024-11-28 14:12:48.088,MCSLab RTT AP3,e4:5e:1b:a0:5e:85,-61,13852,138,3542748723,true
4,2024-11-28 14:12:48.088,MCSLab RTT AP2,24:29:34:e1:ef:d4,-70,7319,1233,3542748723,true
4,2024-11-28 14:12:48.088,MCSLab RTT AP3,e4:5e:1b:a0:5e:85,-61,13852,138,3542748723,true
4,2024-11-28 14:12:48.088,MCSLab RTT AP1,24:29:34:e2:4c:36,-58,1811,583,3542748723,true
4,2024-11-28 14:12:48.088,MCSLab RTT AP2,24:29:34:e1:ef:d4,-70,7319,1233,3542748723,true
4,2024-11-28 14:12:48.088,MCSLab RTT AP3,e4:5e:1b:a0:5e:85,-61,13852,138,3542748723,true
4,2024-11-28 14:12:48.088,MCSLab RTT AP1,24:29:34:e2:4c:36,-58,1811,583,3542748723,true
4,2024-11-28 14:12:48.088,MCSLab RTT AP3,b0:e4:d5:88:16:86,-60,1527,1269,3542748722,true
4,2024-11-28 14:12:48.238,MCSLab RTT AP2,24:29:34:e1:ef:d4,-70,7905,1110,3542748873,true
4,2024-11-28 14:12:48.238,MCSLab RTT AP2,24:29:34:e1:ef:d4,-70,7905,1110,3542748873,true
4,2024-11-28 14:12:48.238,MCSLab RTT AP3,e4:5e:1b:a0:5e:85,-61,8364,2422,3542748873,true
4,2024-11-28 14:12:48.238,MCSLab RTT AP2,24:29:34:e1:ef:d4,-70,7905,1110,3542748873,true
4,2024-11-28 14:12:48.238,MCSLab RTT AP3,e4:5e:1b:a0:5e:85,-61,8364,2422,3542748873,true
4,2024-11-28 14:12:48.238,MCSLab RTT AP1,24:29:34:e2:4c:36,-59,1460,754,3542748873,true
4,2024-11-28 14:12:48.238,MCSLab RTT AP2,24:29:34:e1:ef:d4,-70,7905,1110,3542748873,true
4,2024-11-28 14:12:48.238,MCSLab RTT AP3,e4:5e:1b:a0:5e:85,-61,8364,2422,3542748873,true
4,2024-11-28 14:12:48.238,MCSLab RTT AP1,24:29:34:e2:4c:36,-59,1460,754,3542748873,true
4,2024-11-28 14:12:48.238,MCSLab RTT AP3,b0:e4:d5:88:16:86,-60,1527,1263,3542748873,true
4,2024-11-28 14:12:48.450,MCSLab RTT AP2,24:29:34:e1:ef:d4,-71,8022,1095,3542749075,true
4,2024-11-28 14:12:48.450,MCSLab RTT AP2,24:29:34:e1:ef:d4,-71,8022,1095,3542749075,true
4,2024-11-28 14:12:48.450,MCSLab RTT AP3,e4:5e:1b:a0:5e:85,-61,8325,2529,3542749075,true
4,2024-11-28 14:12:48.450,MCSLab RTT AP2,24:29:34:e1:ef:d4,-71,8022,1095,3542749075,true
4,2024-11-28 14:12:48.450,MCSLab RTT AP3,e4:5e:1b:a0:5e:85,-61,8325,2529,3542749075,true
4,2024-11-28 14:12:48.450,MCSLab RTT AP1,24:29:34:e2:4c:36,-58,1421,745,3542749075,true
4,2024-11-28 14:12:48.450,MCSLab RTT AP2,24:29:34:e1:ef:d4,-71,8022,1095,3542749075,true
4,2024-11-28 14:12:48.450,MCSLab RTT AP3,e4:5e:1b:a0:5e:85,-61,8325,2529,3542749075,true
4,2024-11-28 14:12:48.450,MCSLab RTT AP1,24:29:34:e2:4c:36,-58,1421,745,3542749075,true
4,2024-11-28 14:12:48.450,MCSLab RTT AP3,b0:e4:d5:88:16:86,-56,1605,1258,3542749075,true
4,2024-11-28 14:12:48.658,MCSLab RTT AP2,24:29:34:e1:ef:d4,-71,7866,1092,3542749283,true
4,2024-11-28 14:12:48.658,MCSLab RTT AP2,24:29:34:e1:ef:d4,-71,7866,1092,3542749283,true
4,2024-11-28 14:12:48.658,MCSLab RTT AP3,e4:5e:1b:a0:5e:85,-61,8364,2366,3542749283,true
4,2024-11-28 14:12:48.658,MCSLab RTT AP2,24:29:34:e1:ef:d4,-71,7866,1092,3542749283,true
4,2024-11-28 14:12:48.658,MCSLab RTT AP3,e4:5e:1b:a0:5e:85,-61,8364,2366,3542749283,true
4,2024-11-28 14:12:48.658,MCSLab RTT AP1,24:29:34:e2:4c:36,-58,1538,710,3542749283,true
4,2024-11-28 14:12:48.658,MCSLab RTT AP2,24:29:34:e1:ef:d4,-71,7866,1092,3542749283,true
4,2024-11-28 14:12:48.658,MCSLab RTT AP3,e4:5e:1b:a0:5e:85,-61,8364,2366,3542749283,true
4,2024-11-28 14:12:48.658,MCSLab RTT AP1,24:29:34:e2:4c:36,-58,1538,710,3542749283,true
4,2024-11-28 14:12:48.658,MCSLab RTT AP3,b0:e4:d5:88:16:86,-58,1409,1322,3542749283,true
4,2024-11-28 14:12:48.855,MCSLab RTT AP2,24:29:34:e1:ef:d4,-70,7241,1237,3542749491,true
4,2024-11-28 14:12:48.855,MCSLab RTT AP2,24:29:34:e1:ef:d4,-70,7241,1237,3542749491,true
4,2024-11-28 14:12:48.855,MCSLab RTT AP3,e4:5e:1b:a0:5e:85,-59,8325,2344,3542749491,true
4,2024-11-28 14:12:48.855,MCSLab RTT AP2,24:29:34:e1:ef:d4,-70,7241,1237,3542749491,true
4,2024-11-28 14:12:48.855,MCSLab RTT AP3,e4:5e:1b:a0:5e:85,-59,8325,2344,3542749491,true
4,2024-11-28 14:12:48.855,MCSLab RTT AP1,24:29:34:e2:4c:36,-58,2856,403,3542749491,true
4,2024-11-28 14:12:48.855,MCSLab RTT AP2,24:29:34:e1:ef:d4,-70,7241,1237,3542749491,true
4,2024-11-28 14:12:48.855,MCSLab RTT AP3,e4:5e:1b:a0:5e:85,-59,8325,2344,3542749491,true
4,2024-11-28 14:12:48.855,MCSLab RTT AP1,24:29:34:e2:4c:36,-58,2856,403,3542749491,true
4,2024-11-28 14:12:48.855,MCSLab RTT AP3,b0:e4:d5:88:16:86,-60,1566,1230,3542749491,true
4,2024-11-28 14:12:49.007,MCSLab RTT AP2,24:29:34:e1:ef:d4,-71,8647,799,3542749642,true
4,2024-11-28 14:12:49.007,MCSLab RTT AP2,24:29:34:e1:ef:d4,-71,8647,799,3542749642,true
4,2024-11-28 14:12:49.007,MCSLab RTT AP3,e4:5e:1b:a0:5e:85,-61,8257,56,3542749642,true
4,2024-11-28 14:12:49.007,MCSLab RTT AP2,24:29:34:e1:ef:d4,-71,8647,799,3542749642,true
4,2024-11-28 14:12:49.007,MCSLab RTT AP3,e4:5e:1b:a0:5e:85,-61,8257,56,3542749642,true
4,2024-11-28 14:12:49.007,MCSLab RTT AP1,24:29:34:e2:4c:36,-58,2280,674,3542749642,true
4,2024-11-28 14:12:49.007,MCSLab RTT AP2,24:29:34:e1:ef:d4,-71,8647,799,3542749642,true
4,2024-11-28 14:12:49.007,MCSLab RTT AP3,e4:5e:1b:a0:5e:85,-61,8257,56,3542749642,true
4,2024-11-28 14:12:49.007,MCSLab RTT AP1,24:29:34:e2:4c:36,-58,2280,674,3542749642,true
4,2024-11-28 14:12:49.007,MCSLab RTT AP3,b0:e4:d5:88:16:86,-60,1566,1217,3542749642,true
4,2024-11-28 14:12:49.131,MCSLab RTT AP2,24:29:34:e1:ef:d4,-71,8491,860,3542749767,true
4,2024-11-28 14:12:49.131,MCSLab RTT AP2,24:29:34:e1:ef:d4,-71,8491,860,3542749767,true
4,2024-11-28 14:12:49.131,MCSLab RTT AP3,e4:5e:1b:a0:5e:85,-61,8325,2539,3542749766,true
4,2024-11-28 14:12:49.131,MCSLab RTT AP2,24:29:34:e1:ef:d4,-71,8491,860,3542749767,true
4,2024-11-28 14:12:49.131,MCSLab RTT AP3,e4:5e:1b:a0:5e:85,-61,8325,2539,3542749766,true
4,2024-11-28 14:12:49.131,MCSLab RTT AP1,24:29:34:e2:4c:36,-58,2866,632,3542749767,true
4,2024-11-28 14:12:49.131,MCSLab RTT AP2,24:29:34:e1:ef:d4,-71,8491,860,3542749767,true
4,2024-11-28 14:12:49.131,MCSLab RTT AP3,e4:5e:1b:a0:5e:85,-61,8325,2539,3542749766,true
4,2024-11-28 14:12:49.131,MCSLab RTT AP1,24:29:34:e2:4c:36,-58,2866,632,3542749767,true
4,2024-11-28 14:12:49.131,MCSLab RTT AP3,b0:e4:d5:88:16:86,-60,1566,1200,3542749766,true
4,2024-11-28 14:12:49.319,MCSLab RTT AP2,24:29:34:e1:ef:d4,-71,7788,1091,3542749950,true
4,2024-11-28 14:12:49.319,MCSLab RTT AP2,24:29:34:e1:ef:d4,-71,7788,1091,3542749950,true
4,2024-11-28 14:12:49.319,MCSLab RTT AP3,e4:5e:1b:a0:5e:85,-61,8208,2593,3542749950,true
4,2024-11-28 14:12:49.319,MCSLab RTT AP2,24:29:34:e1:ef:d4,-71,7788,1091,3542749950,true
4,2024-11-28 14:12:49.319,MCSLab RTT AP3,e4:5e:1b:a0:5e:85,-61,8208,2593,3542749950,true
4,2024-11-28 14:12:49.319,MCSLab RTT AP1,24:29:34:e2:4c:36,-58,1381,760,3542749950,true
4,2024-11-28 14:12:49.319,MCSLab RTT AP2,24:29:34:e1:ef:d4,-71,7788,1091,3542749950,true
4,2024-11-28 14:12:49.319,MCSLab RTT AP3,e4:5e:1b:a0:5e:85,-61,8208,2593,3542749950,true
4,2024-11-28 14:12:49.319,MCSLab RTT AP1,24:29:34:e2:4c:36,-58,1381,760,3542749950,true
4,2024-11-28 14:12:49.319,MCSLab RTT AP3,b0:e4:d5:88:16:86,-60,1605,1298,3542749950,true
4,2024-11-28 14:12:49.454,MCSLab RTT AP2,24:29:34:e1:ef:d4,-71,8569,824,3542750084,true
4,2024-11-28 14:12:49.454,MCSLab RTT AP2,24:29:34:e1:ef:d4,-71,8569,824,3542750084,true
4,2024-11-28 14:12:49.454,MCSLab RTT AP3,e4:5e:1b:a0:5e:85,-61,13852,111,3542750084,true
4,2024-11-28 14:12:49.454,MCSLab RTT AP2,24:29:34:e1:ef:d4,-71,8569,824,3542750084,true
4,2024-11-28 14:12:49.454,MCSLab RTT AP3,e4:5e:1b:a0:5e:85,-61,13852,111,3542750084,true
4,2024-11-28 14:12:49.454,MCSLab RTT AP1,24:29:34:e2:4c:36,-58,1186,867,3542750084,true
4,2024-11-28 14:12:49.454,MCSLab RTT AP2,24:29:34:e1:ef:d4,-71,8569,824,3542750084,true
4,2024-11-28 14:12:49.454,MCSLab RTT AP3,e4:5e:1b:a0:5e:85,-61,13852,111,3542750084,true
4,2024-11-28 14:12:49.454,MCSLab RTT AP1,24:29:34:e2:4c:36,-58,1186,867,3542750084,true
4,2024-11-28 14:12:49.454,MCSLab RTT AP3,b0:e4:d5:88:16:86,-60,1644,1292,3542750084,true
4,2024-11-28 14:12:49.571,MCSLab RTT AP2,24:29:34:e1:ef:d4,-71,7319,1142,3542750207,true
4,2024-11-28 14:12:49.571,MCSLab RTT AP2,24:29:34:e1:ef:d4,-71,7319,1142,3542750207,true
4,2024-11-28 14:12:49.571,MCSLab RTT AP3,e4:5e:1b:a0:5e:85,-61,13852,74,3542750207,true
4,2024-11-28 14:12:49.571,MCSLab RTT AP2,24:29:34:e1:ef:d4,-71,7319,1142,3542750207,true
4,2024-11-28 14:12:49.571,MCSLab RTT AP3,e4:5e:1b:a0:5e:85,-61,13852,74,3542750207,true
4,2024-11-28 14:12:49.571,MCSLab RTT AP1,24:29:34:e2:4c:36,-59,1303,766,3542750207,true
4,2024-11-28 14:12:49.571,MCSLab RTT AP2,24:29:34:e1:ef:d4,-71,7319,1142,3542750207,true
4,2024-11-28 14:12:49.571,MCSLab RTT AP3,e4:5e:1b:a0:5e:85,-61,13852,74,3542750207,true
4,2024-11-28 14:12:49.571,MCSLab RTT AP1,24:29:34:e2:4c:36,-59,1303,766,3542750207,true
4,2024-11-28 14:12:49.571,MCSLab RTT AP3,b0:e4:d5:88:16:86,-60,1527,1474,3542750207,true
4,2024-11-28 14:12:49.797,MCSLab RTT AP2,24:29:34:e1:ef:d4,-71,7319,1199,3542750411,true
4,2024-11-28 14:12:49.797,MCSLab RTT AP2,24:29:34:e1:ef:d4,-71,7319,1199,3542750411,true
4,2024-11-28 14:12:49.797,MCSLab RTT AP3,e4:5e:1b:a0:5e:85,-61,14028,32,3542750411,true
4,2024-11-28 14:12:49.797,MCSLab RTT AP2,24:29:34:e1:ef:d4,-71,7319,1199,3542750411,true
4,2024-11-28 14:12:49.797,MCSLab RTT AP3,e4:5e:1b:a0:5e:85,-61,14028,32,3542750411,true
4,2024-11-28 14:12:49.797,MCSLab RTT AP1,24:29:34:e2:4c:36,-59,1655,628,3542750411,true
4,2024-11-28 14:12:49.797,MCSLab RTT AP2,24:29:34:e1:ef:d4,-71,7319,1199,3542750411,true
4,2024-11-28 14:12:49.797,MCSLab RTT AP3,e4:5e:1b:a0:5e:85,-61,14028,32,3542750411,true
4,2024-11-28 14:12:49.797,MCSLab RTT AP1,24:29:34:e2:4c:36,-59,1655,628,3542750411,true
4,2024-11-28 14:12:49.797,MCSLab RTT AP3,b0:e4:d5:88:16:86,-58,1644,1467,3542750411,true
4,2024-11-28 14:12:49.980,MCSLab RTT AP2,24:29:34:e1:ef:d4,-71,8569,822,3542750615,true
4,2024-11-28 14:12:49.980,MCSLab RTT AP2,24:29:34:e1:ef:d4,-71,8569,822,3542750615,true
4,2024-11-28 14:12:49.980,MCSLab RTT AP3,e4:5e:1b:a0:5e:85,-61,13940,135,3542750615,true
4,2024-11-28 14:12:49.980,MCSLab RTT AP2,24:29:34:e1:ef:d4,-71,8569,822,3542750615,true
4,2024-11-28 14:12:49.980,MCSLab RTT AP3,e4:5e:1b:a0:5e:85,-61,13940,135,3542750615,true
4,2024-11-28 14:12:49.980,MCSLab RTT AP1,24:29:34:e2:4c:36,-59,1421,730,3542750615,true
4,2024-11-28 14:12:49.980,MCSLab RTT AP2,24:29:34:e1:ef:d4,-71,8569,822,3542750615,true
4,2024-11-28 14:12:49.980,MCSLab RTT AP3,e4:5e:1b:a0:5e:85,-61,13940,135,3542750615,true
4,2024-11-28 14:12:49.980,MCSLab RTT AP1,24:29:34:e2:4c:36,-59,1421,730,3542750615,true
4,2024-11-28 14:12:49.980,MCSLab RTT AP3,b0:e4:d5:88:16:86,-60,1917,1171,3542750615,true
4,2024-11-28 14:12:50.191,MCSLab RTT AP2,24:29:34:e1:ef:d4,-70,7280,1238,3542750815,true
4,2024-11-28 14:12:50.191,MCSLab RTT AP2,24:29:34:e1:ef:d4,-70,7280,1238,3542750815,true
4,2024-11-28 14:12:50.191,MCSLab RTT AP3,e4:5e:1b:a0:5e:85,-61,14028,88,3542750815,true
4,2024-11-28 14:12:50.191,MCSLab RTT AP2,24:29:34:e1:ef:d4,-70,7280,1238,3542750815,true
4,2024-11-28 14:12:50.191,MCSLab RTT AP3,e4:5e:1b:a0:5e:85,-61,14028,88,3542750815,true
4,2024-11-28 14:12:50.191,MCSLab RTT AP1,24:29:34:e2:4c:36,-59,1264,794,3542750815,true
4,2024-11-28 14:12:50.191,MCSLab RTT AP2,24:29:34:e1:ef:d4,-70,7280,1238,3542750815,true
4,2024-11-28 14:12:50.191,MCSLab RTT AP3,e4:5e:1b:a0:5e:85,-61,14028,88,3542750815,true
4,2024-11-28 14:12:50.191,MCSLab RTT AP1,24:29:34:e2:4c:36,-59,1264,794,3542750815,true
4,2024-11-28 14:12:50.191,MCSLab RTT AP3,b0:e4:d5:88:16:86,-61,1917,1171,3542750815,true
4,2024-11-28 14:12:50.294,MCSLab RTT AP2,24:29:34:e1:ef:d4,-70,7241,1239,3542750920,true
4,2024-11-28 14:12:50.294,MCSLab RTT AP2,24:29:34:e1:ef:d4,-70,7241,1239,3542750920,true
4,2024-11-28 14:12:50.294,MCSLab RTT AP3,e4:5e:1b:a0:5e:85,-61,8325,2665,3542750920,true
4,2024-11-28 14:12:50.294,MCSLab RTT AP2,24:29:34:e1:ef:d4,-70,7241,1239,3542750920,true
4,2024-11-28 14:12:50.294,MCSLab RTT AP3,e4:5e:1b:a0:5e:85,-61,8325,2665,3542750920,true
4,2024-11-28 14:12:50.294,MCSLab RTT AP1,24:29:34:e2:4c:36,-59,1577,641,3542750920,true
4,2024-11-28 14:12:50.294,MCSLab RTT AP2,24:29:34:e1:ef:d4,-70,7241,1239,3542750920,true
4,2024-11-28 14:12:50.294,MCSLab RTT AP3,e4:5e:1b:a0:5e:85,-61,8325,2665,3542750920,true
4,2024-11-28 14:12:50.294,MCSLab RTT AP1,24:29:34:e2:4c:36,-59,1577,641,3542750920,true
4,2024-11-28 14:12:50.294,MCSLab RTT AP3,b0:e4:d5:88:16:86,-60,1761,1268,3542750920,true
4,2024-11-28 14:12:50.489,MCSLab RTT AP2,24:29:34:e1:ef:d4,-70,7163,1255,3542751125,true
4,2024-11-28 14:12:50.489,MCSLab RTT AP2,24:29:34:e1:ef:d4,-70,7163,1255,3542751125,true
4,2024-11-28 14:12:50.489,MCSLab RTT AP3,e4:5e:1b:a0:5e:85,-59,8227,1481,3542751125,true
4,2024-11-28 14:12:50.489,MCSLab RTT AP2,24:29:34:e1:ef:d4,-70,7163,1255,3542751125,true
4,2024-11-28 14:12:50.489,MCSLab RTT AP3,e4:5e:1b:a0:5e:85,-59,8227,1481,3542751125,true
4,2024-11-28 14:12:50.489,MCSLab RTT AP1,24:29:34:e2:4c:36,-59,1382,734,3542751125,true
4,2024-11-28 14:12:50.489,MCSLab RTT AP2,24:29:34:e1:ef:d4,-70,7163,1255,3542751125,true
4,2024-11-28 14:12:50.489,MCSLab RTT AP3,e4:5e:1b:a0:5e:85,-59,8227,1481,3542751125,true
4,2024-11-28 14:12:50.489,MCSLab RTT AP1,24:29:34:e2:4c:36,-59,1382,734,3542751125,true
4,2024-11-28 14:12:50.489,MCSLab RTT AP3,b0:e4:d5:88:16:86,-60,1839,1186,3542751125,true
4,2024-11-28 14:12:50.692,MCSLab RTT AP2,24:29:34:e1:ef:d4,-71,7827,1077,3542751329,true
4,2024-11-28 14:12:50.692,MCSLab RTT AP2,24:29:34:e1:ef:d4,-71,7827,1077,3542751329,true
4,2024-11-28 14:12:50.692,MCSLab RTT AP3,e4:5e:1b:a0:5e:85,-61,8520,2193,3542751329,true
4,2024-11-28 14:12:50.692,MCSLab RTT AP2,24:29:34:e1:ef:d4,-71,7827,1077,3542751329,true
4,2024-11-28 14:12:50.692,MCSLab RTT AP3,e4:5e:1b:a0:5e:85,-61,8520,2193,3542751329,true
4,2024-11-28 14:12:50.692,MCSLab RTT AP1,24:29:34:e2:4c:36,-59,2280,661,3542751329,true
4,2024-11-28 14:12:50.692,MCSLab RTT AP2,24:29:34:e1:ef:d4,-71,7827,1077,3542751329,true
4,2024-11-28 14:12:50.692,MCSLab RTT AP3,e4:5e:1b:a0:5e:85,-61,8520,2193,3542751329,true
4,2024-11-28 14:12:50.692,MCSLab RTT AP1,24:29:34:e2:4c:36,-59,2280,661,3542751329,true
4,2024-11-28 14:12:50.692,MCSLab RTT AP3,b0:e4:d5:88:16:86,-60,1839,1195,3542751329,true
4,2024-11-28 14:12:50.893,MCSLab RTT AP2,24:29:34:e1:ef:d4,-71,8608,789,3542751531,true
4,2024-11-28 14:12:50.893,MCSLab RTT AP2,24:29:34:e1:ef:d4,-71,8608,789,3542751531,true
4,2024-11-28 14:12:50.893,MCSLab RTT AP3,e4:5e:1b:a0:5e:85,-61,8325,2536,3542751530,true
4,2024-11-28 14:12:50.893,MCSLab RTT AP2,24:29:34:e1:ef:d4,-71,8608,789,3542751531,true
4,2024-11-28 14:12:50.893,MCSLab RTT AP3,e4:5e:1b:a0:5e:85,-61,8325,2536,3542751530,true
4,2024-11-28 14:12:50.893,MCSLab RTT AP1,24:29:34:e2:4c:36,-59,1421,756,3542751531,true
4,2024-11-28 14:12:50.893,MCSLab RTT AP2,24:29:34:e1:ef:d4,-71,8608,789,3542751531,true
4,2024-11-28 14:12:50.893,MCSLab RTT AP3,e4:5e:1b:a0:5e:85,-61,8325,2536,3542751530,true
4,2024-11-28 14:12:50.893,MCSLab RTT AP1,24:29:34:e2:4c:36,-59,1421,756,3542751531,true
4,2024-11-28 14:12:50.893,MCSLab RTT AP3,b0:e4:d5:88:16:86,-58,905,1965,3542751530,true
4,2024-11-28 14:12:51.095,MCSLab RTT AP2,24:29:34:e1:ef:d4,-70,8491,836,3542751734,true
4,2024-11-28 14:12:51.095,MCSLab RTT AP2,24:29:34:e1:ef:d4,-70,8491,836,3542751734,true
4,2024-11-28 14:12:51.095,MCSLab RTT AP3,e4:5e:1b:a0:5e:85,-59,8325,2616,3542751734,true
4,2024-11-28 14:12:51.095,MCSLab RTT AP2,24:29:34:e1:ef:d4,-70,8491,836,3542751734,true
4,2024-11-28 14:12:51.095,MCSLab RTT AP3,e4:5e:1b:a0:5e:85,-59,8325,2616,3542751734,true
4,2024-11-28 14:12:51.095,MCSLab RTT AP1,24:29:34:e2:4c:36,-59,1421,723,3542751734,true
4,2024-11-28 14:12:51.095,MCSLab RTT AP2,24:29:34:e1:ef:d4,-70,8491,836,3542751734,true
4,2024-11-28 14:12:51.095,MCSLab RTT AP3,e4:5e:1b:a0:5e:85,-59,8325,2616,3542751734,true
4,2024-11-28 14:12:51.095,MCSLab RTT AP1,24:29:34:e2:4c:36,-59,1421,723,3542751734,true
4,2024-11-28 14:12:51.095,MCSLab RTT AP3,b0:e4:d5:88:16:86,-60,1683,1290,3542751734,true
4,2024-11-28 14:12:51.320,MCSLab RTT AP2,24:29:34:e1:ef:d4,-71,8608,766,3542751945,true
4,2024-11-28 14:12:51.320,MCSLab RTT AP2,24:29:34:e1:ef:d4,-71,8608,766,3542751945,true
4,2024-11-28 14:12:51.320,MCSLab RTT AP3,e4:5e:1b:a0:5e:85,-61,13852,134,3542751945,true
4,2024-11-28 14:12:51.320,MCSLab RTT AP2,24:29:34:e1:ef:d4,-71,8608,766,3542751945,true
4,2024-11-28 14:12:51.320,MCSLab RTT AP3,e4:5e:1b:a0:5e:85,-61,13852,134,3542751945,true
4,2024-11-28 14:12:51.320,MCSLab RTT AP1,24:29:34:e2:4c:36,-59,1030,926,3542751945,true
4,2024-11-28 14:12:51.320,MCSLab RTT AP2,24:29:34:e1:ef:d4,-71,8608,766,3542751945,true
4,2024-11-28 14:12:51.320,MCSLab RTT AP3,e4:5e:1b:a0:5e:85,-61,13852,134,3542751945,true
4,2024-11-28 14:12:51.320,MCSLab RTT AP1,24:29:34:e2:4c:36,-59,1030,926,3542751945,true
4,2024-11-28 14:12:51.320,MCSLab RTT AP3,b0:e4:d5:88:16:86,-58,944,1885,3542751945,true
4,2024-11-28 14:12:51.440,MCSLab RTT AP2,24:29:34:e1:ef:d4,-70,7163,1306,3542752067,true
4,2024-11-28 14:12:51.440,MCSLab RTT AP2,24:29:34:e1:ef:d4,-70,7163,1306,3542752067,true
4,2024-11-28 14:12:51.440,MCSLab RTT AP3,e4:5e:1b:a0:5e:85,-61,8208,2473,3542752067,true
4,2024-11-28 14:12:51.440,MCSLab RTT AP2,24:29:34:e1:ef:d4,-70,7163,1306,3542752067,true
4,2024-11-28 14:12:51.440,MCSLab RTT AP3,e4:5e:1b:a0:5e:85,-61,8208,2473,3542752067,true
4,2024-11-28 14:12:51.440,MCSLab RTT AP1,24:29:34:e2:4c:36,-59,1264,848,3542752067,true
4,2024-11-28 14:12:51.440,MCSLab RTT AP2,24:29:34:e1:ef:d4,-70,7163,1306,3542752067,true
4,2024-11-28 14:12:51.440,MCSLab RTT AP3,e4:5e:1b:a0:5e:85,-61,8208,2473,3542752067,true
4,2024-11-28 14:12:51.440,MCSLab RTT AP1,24:29:34:e2:4c:36,-59,1264,848,3542752067,true
4,2024-11-28 14:12:51.440,MCSLab RTT AP3,b0:e4:d5:88:16:86,-55,1839,1350,3542752067,true
4,2024-11-28 14:12:51.565,MCSLab RTT AP2,24:29:34:e1:ef:d4,-70,8569,731,3542752194,true
4,2024-11-28 14:12:51.565,MCSLab RTT AP2,24:29:34:e1:ef:d4,-70,8569,731,3542752194,true
4,2024-11-28 14:12:51.565,MCSLab RTT AP3,e4:5e:1b:a0:5e:85,-61,8208,2682,3542752194,true
4,2024-11-28 14:12:51.565,MCSLab RTT AP2,24:29:34:e1:ef:d4,-70,8569,731,3542752194,true
4,2024-11-28 14:12:51.565,MCSLab RTT AP3,e4:5e:1b:a0:5e:85,-61,8208,2682,3542752194,true
4,2024-11-28 14:12:51.565,MCSLab RTT AP1,24:29:34:e2:4c:36,-59,1225,847,3542752194,true
4,2024-11-28 14:12:51.565,MCSLab RTT AP2,24:29:34:e1:ef:d4,-70,8569,731,3542752194,true
4,2024-11-28 14:12:51.565,MCSLab RTT AP3,e4:5e:1b:a0:5e:85,-61,8208,2682,3542752194,true
4,2024-11-28 14:12:51.565,MCSLab RTT AP1,24:29:34:e2:4c:36,-59,1225,847,3542752194,true
4,2024-11-28 14:12:51.565,MCSLab RTT AP3,b0:e4:d5:88:16:86,-60,1605,1714,3542752194,true
4,2024-11-28 14:12:51.664,MCSLab RTT AP2,24:29:34:e1:ef:d4,-71,7241,1167,3542752300,true
4,2024-11-28 14:12:51.664,MCSLab RTT AP2,24:29:34:e1:ef:d4,-71,7241,1167,3542752300,true
4,2024-11-28 14:12:51.664,MCSLab RTT AP3,e4:5e:1b:a0:5e:85,-61,8325,2465,3542752299,true
4,2024-11-28 14:12:51.664,MCSLab RTT AP2,24:29:34:e1:ef:d4,-71,7241,1167,3542752300,true
4,2024-11-28 14:12:51.664,MCSLab RTT AP3,e4:5e:1b:a0:5e:85,-61,8325,2465,3542752299,true
4,2024-11-28 14:12:51.664,MCSLab RTT AP1,24:29:34:e2:4c:36,-59,1421,747,3542752299,true
4,2024-11-28 14:12:51.664,MCSLab RTT AP2,24:29:34:e1:ef:d4,-71,7241,1167,3542752300,true
4,2024-11-28 14:12:51.664,MCSLab RTT AP3,e4:5e:1b:a0:5e:85,-61,8325,2465,3542752299,true
4,2024-11-28 14:12:51.664,MCSLab RTT AP1,24:29:34:e2:4c:36,-59,1421,747,3542752299,true
4,2024-11-28 14:12:51.664,MCSLab RTT AP3,b0:e4:d5:88:16:86,-61,1683,1289,3542752299,true
4,2024-11-28 14:12:51.785,MCSLab RTT AP2,24:29:34:e1:ef:d4,-70,8491,784,3542752421,true
4,2024-11-28 14:12:51.785,MCSLab RTT AP2,24:29:34:e1:ef:d4,-70,8491,784,3542752421,true
4,2024-11-28 14:12:51.785,MCSLab RTT AP3,e4:5e:1b:a0:5e:85,-62,8403,2630,3542752421,true
4,2024-11-28 14:12:51.785,MCSLab RTT AP2,24:29:34:e1:ef:d4,-70,8491,784,3542752421,true
4,2024-11-28 14:12:51.785,MCSLab RTT AP3,e4:5e:1b:a0:5e:85,-62,8403,2630,3542752421,true
4,2024-11-28 14:12:51.785,MCSLab RTT AP1,24:29:34:e2:4c:36,-59,1147,875,3542752421,true
4,2024-11-28 14:12:51.785,MCSLab RTT AP2,24:29:34:e1:ef:d4,-70,8491,784,3542752421,true
4,2024-11-28 14:12:51.785,MCSLab RTT AP3,e4:5e:1b:a0:5e:85,-62,8403,2630,3542752421,true
4,2024-11-28 14:12:51.785,MCSLab RTT AP1,24:29:34:e2:4c:36,-59,1147,875,3542752421,true
4,2024-11-28 14:12:51.785,MCSLab RTT AP3,b0:e4:d5:88:16:86,-60,1566,1366,3542752421,true
4,2024-11-28 14:12:51.981,MCSLab RTT AP2,24:29:34:e1:ef:d4,-71,8491,738,3542752616,true
4,2024-11-28 14:12:51.981,MCSLab RTT AP2,24:29:34:e1:ef:d4,-71,8491,738,3542752616,true
4,2024-11-28 14:12:51.981,MCSLab RTT AP3,e4:5e:1b:a0:5e:85,-62,14175,97,3542752616,true
4,2024-11-28 14:12:51.981,MCSLab RTT AP2,24:29:34:e1:ef:d4,-71,8491,738,3542752616,true
4,2024-11-28 14:12:51.981,MCSLab RTT AP3,e4:5e:1b:a0:5e:85,-62,14175,97,3542752616,true
4,2024-11-28 14:12:51.981,MCSLab RTT AP1,24:29:34:e2:4c:36,-53,1221,804,3542752616,true
4,2024-11-28 14:12:51.981,MCSLab RTT AP2,24:29:34:e1:ef:d4,-71,8491,738,3542752616,true
4,2024-11-28 14:12:51.981,MCSLab RTT AP3,e4:5e:1b:a0:5e:85,-62,14175,97,3542752616,true
4,2024-11-28 14:12:51.981,MCSLab RTT AP1,24:29:34:e2:4c:36,-53,1221,804,3542752616,true
4,2024-11-28 14:12:51.981,MCSLab RTT AP3,b0:e4:d5:88:16:86,-60,1449,1390,3542752616,true
4,2024-11-28 14:12:52.134,MCSLab RTT AP2,24:29:34:e1:ef:d4,-71,8569,780,3542752770,true
4,2024-11-28 14:12:52.134,MCSLab RTT AP2,24:29:34:e1:ef:d4,-71,8569,780,3542752770,true
4,2024-11-28 14:12:52.134,MCSLab RTT AP3,e4:5e:1b:a0:5e:85,-62,13969,142,3542752769,true
4,2024-11-28 14:12:52.134,MCSLab RTT AP2,24:29:34:e1:ef:d4,-71,8569,780,3542752770,true
4,2024-11-28 14:12:52.134,MCSLab RTT AP3,e4:5e:1b:a0:5e:85,-62,13969,142,3542752769,true
4,2024-11-28 14:12:52.134,MCSLab RTT AP1,24:29:34:e2:4c:36,-59,1147,875,3542752770,true
4,2024-11-28 14:12:52.134,MCSLab RTT AP2,24:29:34:e1:ef:d4,-71,8569,780,3542752770,true
4,2024-11-28 14:12:52.134,MCSLab RTT AP3,e4:5e:1b:a0:5e:85,-62,13969,142,3542752769,true
4,2024-11-28 14:12:52.134,MCSLab RTT AP1,24:29:34:e2:4c:36,-59,1147,875,3542752770,true
4,2024-11-28 14:12:52.134,MCSLab RTT AP3,b0:e4:d5:88:16:86,-60,1800,1215,3542752769,true
4,2024-11-28 14:12:52.285,MCSLab RTT AP2,24:29:34:e1:ef:d4,-70,7866,1029,3542752919,true
4,2024-11-28 14:12:52.285,MCSLab RTT AP2,24:29:34:e1:ef:d4,-70,7866,1029,3542752919,true
4,2024-11-28 14:12:52.285,MCSLab RTT AP3,e4:5e:1b:a0:5e:85,-62,14028,88,3542752919,true
4,2024-11-28 14:12:52.285,MCSLab RTT AP2,24:29:34:e1:ef:d4,-70,7866,1029,3542752919,true
4,2024-11-28 14:12:52.285,MCSLab RTT AP3,e4:5e:1b:a0:5e:85,-62,14028,88,3542752919,true
4,2024-11-28 14:12:52.285,MCSLab RTT AP1,24:29:34:e2:4c:36,-59,1303,781,3542752919,true
4,2024-11-28 14:12:52.285,MCSLab RTT AP2,24:29:34:e1:ef:d4,-70,7866,1029,3542752919,true
4,2024-11-28 14:12:52.285,MCSLab RTT AP3,e4:5e:1b:a0:5e:85,-62,14028,88,3542752919,true
4,2024-11-28 14:12:52.285,MCSLab RTT AP1,24:29:34:e2:4c:36,-59,1303,781,3542752919,true
4,2024-11-28 14:12:52.285,MCSLab RTT AP3,b0:e4:d5:88:16:86,-60,1878,1168,3542752919,true
4,2024-11-28 14:12:52.425,MCSLab RTT AP2,24:29:34:e1:ef:d4,-70,8530,780,3542753060,true
4,2024-11-28 14:12:52.425,MCSLab RTT AP2,24:29:34:e1:ef:d4,-70,8530,780,3542753060,true
4,2024-11-28 14:12:52.425,MCSLab RTT AP3,e4:5e:1b:a0:5e:85,-62,8364,2613,3542753060,true
4,2024-11-28 14:12:52.425,MCSLab RTT AP2,24:29:34:e1:ef:d4,-70,8530,780,3542753060,true
4,2024-11-28 14:12:52.425,MCSLab RTT AP3,e4:5e:1b:a0:5e:85,-62,8364,2613,3542753060,true
4,2024-11-28 14:12:52.425,MCSLab RTT AP1,24:29:34:e2:4c:36,-59,1030,913,3542753060,true
4,2024-11-28 14:12:52.425,MCSLab RTT AP2,24:29:34:e1:ef:d4,-70,8530,780,3542753060,true
4,2024-11-28 14:12:52.425,MCSLab RTT AP3,e4:5e:1b:a0:5e:85,-62,8364,2613,3542753060,true
4,2024-11-28 14:12:52.425,MCSLab RTT AP1,24:29:34:e2:4c:36,-59,1030,913,3542753060,true
4,2024-11-28 14:12:52.425,MCSLab RTT AP3,b0:e4:d5:88:16:86,-60,1683,1233,3542753060,true
4,2024-11-28 14:12:52.645,MCSLab RTT AP2,24:29:34:e1:ef:d4,-70,8608,731,3542753282,true
4,2024-11-28 14:12:52.645,MCSLab RTT AP2,24:29:34:e1:ef:d4,-70,8608,731,3542753282,true
4,2024-11-28 14:12:52.645,MCSLab RTT AP3,e4:5e:1b:a0:5e:85,-62,14028,147,3542753282,true
4,2024-11-28 14:12:52.645,MCSLab RTT AP2,24:29:34:e1:ef:d4,-70,8608,731,3542753282,true
4,2024-11-28 14:12:52.645,MCSLab RTT AP3,e4:5e:1b:a0:5e:85,-62,14028,147,3542753282,true
4,2024-11-28 14:12:52.645,MCSLab RTT AP1,24:29:34:e2:4c:36,-59,1225,833,3542753282,true
4,2024-11-28 14:12:52.645,MCSLab RTT AP2,24:29:34:e1:ef:d4,-70,8608,731,3542753282,true
4,2024-11-28 14:12:52.645,MCSLab RTT AP3,e4:5e:1b:a0:5e:85,-62,14028,147,3542753282,true
4,2024-11-28 14:12:52.645,MCSLab RTT AP1,24:29:34:e2:4c:36,-59,1225,833,3542753282,true
4,2024-11-28 14:12:52.645,MCSLab RTT AP3,b0:e4:d5:88:16:86,-60,1722,1214,3542753281,true
4,2024-11-28 14:12:52.797,MCSLab RTT AP2,24:29:34:e1:ef:d4,-70,7827,1092,3542753432,true
4,2024-11-28 14:12:52.797,MCSLab RTT AP2,24:29:34:e1:ef:d4,-70,7827,1092,3542753432,true
4,2024-11-28 14:12:52.797,MCSLab RTT AP3,e4:5e:1b:a0:5e:85,-62,8364,2663,3542753432,true
4,2024-11-28 14:12:52.797,MCSLab RTT AP2,24:29:34:e1:ef:d4,-70,7827,1092,3542753432,true
4,2024-11-28 14:12:52.797,MCSLab RTT AP3,e4:5e:1b:a0:5e:85,-62,8364,2663,3542753432,true
4,2024-11-28 14:12:52.797,MCSLab RTT AP1,24:29:34:e2:4c:36,-59,1342,813,3542753432,true
4,2024-11-28 14:12:52.797,MCSLab RTT AP2,24:29:34:e1:ef:d4,-70,7827,1092,3542753432,true
4,2024-11-28 14:12:52.797,MCSLab RTT AP3,e4:5e:1b:a0:5e:85,-62,8364,2663,3542753432,true
4,2024-11-28 14:12:52.797,MCSLab RTT AP1,24:29:34:e2:4c:36,-59,1342,813,3542753432,true
4,2024-11-28 14:12:52.797,MCSLab RTT AP3,b0:e4:d5:88:16:86,-60,1761,1236,3542753432,true
4,2024-11-28 14:12:52.950,MCSLab RTT AP2,24:29:34:e1:ef:d4,-71,7866,1019,3542753586,true
4,2024-11-28 14:12:52.950,MCSLab RTT AP2,24:29:34:e1:ef:d4,-71,7866,1019,3542753586,true
4,2024-11-28 14:12:52.950,MCSLab RTT AP3,e4:5e:1b:a0:5e:85,-61,14028,82,3542753586,true
4,2024-11-28 14:12:52.950,MCSLab RTT AP2,24:29:34:e1:ef:d4,-71,7866,1019,3542753586,true
4,2024-11-28 14:12:52.950,MCSLab RTT AP3,e4:5e:1b:a0:5e:85,-61,14028,82,3542753586,true
4,2024-11-28 14:12:52.950,MCSLab RTT AP1,24:29:34:e2:4c:36,-59,1108,917,3542753586,true
4,2024-11-28 14:12:52.950,MCSLab RTT AP2,24:29:34:e1:ef:d4,-71,7866,1019,3542753586,true
4,2024-11-28 14:12:52.950,MCSLab RTT AP3,e4:5e:1b:a0:5e:85,-61,14028,82,3542753586,true
4,2024-11-28 14:12:52.950,MCSLab RTT AP1,24:29:34:e2:4c:36,-59,1108,917,3542753586,true
4,2024-11-28 14:12:52.950,MCSLab RTT AP3,b0:e4:d5:88:16:86,-53,1615,1542,3542753585,true
4,2024-11-28 14:12:53.105,MCSLab RTT AP2,24:29:34:e1:ef:d4,-71,7905,997,3542753740,true
4,2024-11-28 14:12:53.105,MCSLab RTT AP2,24:29:34:e1:ef:d4,-71,7905,997,3542753740,true
4,2024-11-28 14:12:53.105,MCSLab RTT AP3,e4:5e:1b:a0:5e:85,-61,8325,2671,3542753740,true
4,2024-11-28 14:12:53.105,MCSLab RTT AP2,24:29:34:e1:ef:d4,-71,7905,997,3542753740,true
4,2024-11-28 14:12:53.105,MCSLab RTT AP3,e4:5e:1b:a0:5e:85,-61,8325,2671,3542753740,true
4,2024-11-28 14:12:53.105,MCSLab RTT AP1,24:29:34:e2:4c:36,-55,1382,776,3542753740,true
4,2024-11-28 14:12:53.105,MCSLab RTT AP2,24:29:34:e1:ef:d4,-71,7905,997,3542753740,true
4,2024-11-28 14:12:53.105,MCSLab RTT AP3,e4:5e:1b:a0:5e:85,-61,8325,2671,3542753740,true
4,2024-11-28 14:12:53.105,MCSLab RTT AP1,24:29:34:e2:4c:36,-55,1382,776,3542753740,true
4,2024-11-28 14:12:53.105,MCSLab RTT AP3,b0:e4:d5:88:16:86,-60,1644,1442,3542753740,true
4,2024-11-28 14:12:53.223,MCSLab RTT AP2,24:29:34:e1:ef:d4,-70,9233,285,3542753859,true
4,2024-11-28 14:12:53.223,MCSLab RTT AP2,24:29:34:e1:ef:d4,-70,9233,285,3542753859,true
4,2024-11-28 14:12:53.223,MCSLab RTT AP3,e4:5e:1b:a0:5e:85,-61,8403,2601,3542753859,true
4,2024-11-28 14:12:53.223,MCSLab RTT AP2,24:29:34:e1:ef:d4,-70,9233,285,3542753859,true
4,2024-11-28 14:12:53.223,MCSLab RTT AP3,e4:5e:1b:a0:5e:85,-61,8403,2601,3542753859,true
4,2024-11-28 14:12:53.223,MCSLab RTT AP1,24:29:34:e2:4c:36,-59,1225,849,3542753859,true
4,2024-11-28 14:12:53.223,MCSLab RTT AP2,24:29:34:e1:ef:d4,-70,9233,285,3542753859,true
4,2024-11-28 14:12:53.223,MCSLab RTT AP3,e4:5e:1b:a0:5e:85,-61,8403,2601,3542753859,true
4,2024-11-28 14:12:53.223,MCSLab RTT AP1,24:29:34:e2:4c:36,-59,1225,849,3542753859,true
4,2024-11-28 14:12:53.223,MCSLab RTT AP3,b0:e4:d5:88:16:86,-61,1527,1379,3542753859,true
4,2024-11-28 14:12:53.421,MCSLab RTT AP2,24:29:34:e1:ef:d4,-71,8647,769,3542754047,true
4,2024-11-28 14:12:53.421,MCSLab RTT AP2,24:29:34:e1:ef:d4,-71,8647,769,3542754047,true
4,2024-11-28 14:12:53.421,MCSLab RTT AP3,e4:5e:1b:a0:5e:85,-62,14057,112,3542754047,true
4,2024-11-28 14:12:53.421,MCSLab RTT AP2,24:29:34:e1:ef:d4,-71,8647,769,3542754047,true
4,2024-11-28 14:12:53.421,MCSLab RTT AP3,e4:5e:1b:a0:5e:85,-62,14057,112,3542754047,true
4,2024-11-28 14:12:53.421,MCSLab RTT AP1,24:29:34:e2:4c:36,-52,1104,1114,3542754047,true
4,2024-11-28 14:12:53.421,MCSLab RTT AP2,24:29:34:e1:ef:d4,-71,8647,769,3542754047,true
4,2024-11-28 14:12:53.421,MCSLab RTT AP3,e4:5e:1b:a0:5e:85,-62,14057,112,3542754047,true
4,2024-11-28 14:12:53.421,MCSLab RTT AP1,24:29:34:e2:4c:36,-52,1104,1114,3542754047,true
4,2024-11-28 14:12:53.421,MCSLab RTT AP3,b0:e4:d5:88:16:86,-61,1683,1288,3542754047,true
4,2024-11-28 14:12:53.536,MCSLab RTT AP2,24:29:34:e1:ef:d4,-71,7944,990,3542754172,true
4,2024-11-28 14:12:53.536,MCSLab RTT AP2,24:29:34:e1:ef:d4,-71,7944,990,3542754172,true
4,2024-11-28 14:12:53.536,MCSLab RTT AP3,e4:5e:1b:a0:5e:85,-61,14028,88,3542754172,true
4,2024-11-28 14:12:53.536,MCSLab RTT AP2,24:29:34:e1:ef:d4,-71,7944,990,3542754172,true
4,2024-11-28 14:12:53.536,MCSLab RTT AP3,e4:5e:1b:a0:5e:85,-61,14028,88,3542754172,true
4,2024-11-28 14:12:53.536,MCSLab RTT AP1,24:29:34:e2:4c:36,-59,1303,834,3542754172,true
4,2024-11-28 14:12:53.536,MCSLab RTT AP2,24:29:34:e1:ef:d4,-71,7944,990,3542754172,true
4,2024-11-28 14:12:53.536,MCSLab RTT AP3,e4:5e:1b:a0:5e:85,-61,14028,88,3542754172,true
4,2024-11-28 14:12:53.536,MCSLab RTT AP1,24:29:34:e2:4c:36,-59,1303,834,3542754172,true
4,2024-11-28 14:12:53.536,MCSLab RTT AP3,b0:e4:d5:88:16:86,-61,1527,1588,3542754172,true
4,2024-11-28 14:12:53.724,MCSLab RTT AP2,24:29:34:e1:ef:d4,-71,8608,756,3542754359,true
4,2024-11-28 14:12:53.724,MCSLab RTT AP2,24:29:34:e1:ef:d4,-71,8608,756,3542754359,true
4,2024-11-28 14:12:53.724,MCSLab RTT AP3,e4:5e:1b:a0:5e:85,-61,14116,176,3542754359,true
4,2024-11-28 14:12:53.724,MCSLab RTT AP2,24:29:34:e1:ef:d4,-71,8608,756,3542754359,true
4,2024-11-28 14:12:53.724,MCSLab RTT AP3,e4:5e:1b:a0:5e:85,-61,14116,176,3542754359,true
4,2024-11-28 14:12:53.724,MCSLab RTT AP1,24:29:34:e2:4c:36,-52,557,1184,3542754359,true
4,2024-11-28 14:12:53.724,MCSLab RTT AP2,24:29:34:e1:ef:d4,-71,8608,756,3542754359,true
4,2024-11-28 14:12:53.724,MCSLab RTT AP3,e4:5e:1b:a0:5e:85,-61,14116,176,3542754359,true
4,2024-11-28 14:12:53.724,MCSLab RTT AP1,24:29:34:e2:4c:36,-52,557,1184,3542754359,true
4,2024-11-28 14:12:53.724,MCSLab RTT AP3,b0:e4:d5:88:16:86,-60,1722,1281,3542754359,true
4,2024-11-28 14:12:53.872,MCSLab RTT AP2,24:29:34:e1:ef:d4,-71,8452,854,3542754507,true
4,2024-11-28 14:12:53.872,MCSLab RTT AP2,24:29:34:e1:ef:d4,-71,8452,854,3542754507,true
4,2024-11-28 14:12:53.872,MCSLab RTT AP3,e4:5e:1b:a0:5e:85,-62,13999,97,3542754507,true
4,2024-11-28 14:12:53.872,MCSLab RTT AP2,24:29:34:e1:ef:d4,-71,8452,854,3542754507,true
4,2024-11-28 14:12:53.872,MCSLab RTT AP3,e4:5e:1b:a0:5e:85,-62,13999,97,3542754507,true
4,2024-11-28 14:12:53.872,MCSLab RTT AP1,24:29:34:e2:4c:36,-60,1499,722,3542754507,true
4,2024-11-28 14:12:53.872,MCSLab RTT AP2,24:29:34:e1:ef:d4,-71,8452,854,3542754507,true
4,2024-11-28 14:12:53.872,MCSLab RTT AP3,e4:5e:1b:a0:5e:85,-62,13999,97,3542754507,true
4,2024-11-28 14:12:53.872,MCSLab RTT AP1,24:29:34:e2:4c:36,-60,1499,722,3542754507,true
4,2024-11-28 14:12:53.872,MCSLab RTT AP3,b0:e4:d5:88:16:86,-61,1488,1399,3542754506,true
4,2024-11-28 14:12:54.074,MCSLab RTT AP2,24:29:34:e1:ef:d4,-71,7905,986,3542754711,true
4,2024-11-28 14:12:54.074,MCSLab RTT AP2,24:29:34:e1:ef:d4,-71,7905,986,3542754711,true
4,2024-11-28 14:12:54.074,MCSLab RTT AP3,e4:5e:1b:a0:5e:85,-61,14028,94,3542754711,true
4,2024-11-28 14:12:54.074,MCSLab RTT AP2,24:29:34:e1:ef:d4,-71,7905,986,3542754711,true
4,2024-11-28 14:12:54.074,MCSLab RTT AP3,e4:5e:1b:a0:5e:85,-61,14028,94,3542754711,true
4,2024-11-28 14:12:54.074,MCSLab RTT AP1,24:29:34:e2:4c:36,-59,1069,889,3542754711,true
4,2024-11-28 14:12:54.074,MCSLab RTT AP2,24:29:34:e1:ef:d4,-71,7905,986,3542754711,true
4,2024-11-28 14:12:54.074,MCSLab RTT AP3,e4:5e:1b:a0:5e:85,-61,14028,94,3542754711,true
4,2024-11-28 14:12:54.074,MCSLab RTT AP1,24:29:34:e2:4c:36,-59,1069,889,3542754711,true
4,2024-11-28 14:12:54.074,MCSLab RTT AP3,b0:e4:d5:88:16:86,-60,1449,1596,3542754710,true
4,2024-11-28 14:12:54.297,MCSLab RTT AP2,24:29:34:e1:ef:d4,-71,8491,828,3542754916,true
4,2024-11-28 14:12:54.297,MCSLab RTT AP2,24:29:34:e1:ef:d4,-71,8491,828,3542754916,true
4,2024-11-28 14:12:54.297,MCSLab RTT AP3,e4:5e:1b:a0:5e:85,-61,13999,102,3542754916,true
4,2024-11-28 14:12:54.297,MCSLab RTT AP2,24:29:34:e1:ef:d4,-71,8491,828,3542754916,true
4,2024-11-28 14:12:54.297,MCSLab RTT AP3,e4:5e:1b:a0:5e:85,-61,13999,102,3542754916,true
4,2024-11-28 14:12:54.297,MCSLab RTT AP1,24:29:34:e2:4c:36,-59,1460,740,3542754916,true
4,2024-11-28 14:12:54.297,MCSLab RTT AP2,24:29:34:e1:ef:d4,-71,8491,828,3542754916,true
4,2024-11-28 14:12:54.297,MCSLab RTT AP3,e4:5e:1b:a0:5e:85,-61,13999,102,3542754916,true
4,2024-11-28 14:12:54.297,MCSLab RTT AP1,24:29:34:e2:4c:36,-59,1460,740,3542754916,true
4,2024-11-28 14:12:54.297,MCSLab RTT AP3,b0:e4:d5:88:16:86,-53,-1275,2674,3542754916,true
4,2024-11-28 14:12:54.417,MCSLab RTT AP2,24:29:34:e1:ef:d4,-71,7280,1210,3542755055,true
4,2024-11-28 14:12:54.417,MCSLab RTT AP2,24:29:34:e1:ef:d4,-71,7280,1210,3542755055,true
4,2024-11-28 14:12:54.417,MCSLab RTT AP3,e4:5e:1b:a0:5e:85,-61,13882,112,3542755055,true
4,2024-11-28 14:12:54.417,MCSLab RTT AP2,24:29:34:e1:ef:d4,-71,7280,1210,3542755055,true
4,2024-11-28 14:12:54.417,MCSLab RTT AP3,e4:5e:1b:a0:5e:85,-61,13882,112,3542755055,true
4,2024-11-28 14:12:54.417,MCSLab RTT AP1,24:29:34:e2:4c:36,-59,1264,823,3542755055,true
4,2024-11-28 14:12:54.417,MCSLab RTT AP2,24:29:34:e1:ef:d4,-71,7280,1210,3542755055,true
4,2024-11-28 14:12:54.417,MCSLab RTT AP3,e4:5e:1b:a0:5e:85,-61,13882,112,3542755055,true
4,2024-11-28 14:12:54.417,MCSLab RTT AP1,24:29:34:e2:4c:36,-59,1264,823,3542755055,true
4,2024-11-28 14:12:54.417,MCSLab RTT AP3,b0:e4:d5:88:16:86,-56,248,2264,3542755055,true
4,2024-11-28 14:12:54.560,MCSLab RTT AP2,24:29:34:e1:ef:d4,-71,7553,988,3542755192,true
4,2024-11-28 14:12:54.560,MCSLab RTT AP2,24:29:34:e1:ef:d4,-71,7553,988,3542755192,true
4,2024-11-28 14:12:54.560,MCSLab RTT AP3,e4:5e:1b:a0:5e:85,-61,13969,138,3542755192,true
4,2024-11-28 14:12:54.560,MCSLab RTT AP2,24:29:34:e1:ef:d4,-71,7553,988,3542755192,true
4,2024-11-28 14:12:54.560,MCSLab RTT AP3,e4:5e:1b:a0:5e:85,-61,13969,138,3542755192,true
4,2024-11-28 14:12:54.560,MCSLab RTT AP1,24:29:34:e2:4c:36,-59,1186,803,3542755192,true
4,2024-11-28 14:12:54.560,MCSLab RTT AP2,24:29:34:e1:ef:d4,-71,7553,988,3542755192,true
4,2024-11-28 14:12:54.560,MCSLab RTT AP3,e4:5e:1b:a0:5e:85,-61,13969,138,3542755192,true
4,2024-11-28 14:12:54.560,MCSLab RTT AP1,24:29:34:e2:4c:36,-59,1186,803,3542755192,true
4,2024-11-28 14:12:54.560,MCSLab RTT AP3,b0:e4:d5:88:16:86,-61,1449,1305,3542755192,true
4,2024-11-28 14:12:54.752,MCSLab RTT AP2,24:29:34:e1:ef:d4,-70,7827,1163,3542755387,true
4,2024-11-28 14:12:54.752,MCSLab RTT AP2,24:29:34:e1:ef:d4,-70,7827,1163,3542755387,true
4,2024-11-28 14:12:54.752,MCSLab RTT AP3,e4:5e:1b:a0:5e:85,-61,13940,179,3542755387,true
4,2024-11-28 14:12:54.752,MCSLab RTT AP2,24:29:34:e1:ef:d4,-70,7827,1163,3542755387,true
4,2024-11-28 14:12:54.752,MCSLab RTT AP3,e4:5e:1b:a0:5e:85,-61,13940,179,3542755387,true
4,2024-11-28 14:12:54.752,MCSLab RTT AP1,24:29:34:e2:4c:36,-59,1264,818,3542755387,true
4,2024-11-28 14:12:54.752,MCSLab RTT AP2,24:29:34:e1:ef:d4,-70,7827,1163,3542755387,true
4,2024-11-28 14:12:54.752,MCSLab RTT AP3,e4:5e:1b:a0:5e:85,-61,13940,179,3542755387,true
4,2024-11-28 14:12:54.752,MCSLab RTT AP1,24:29:34:e2:4c:36,-59,1264,818,3542755387,true
4,2024-11-28 14:12:54.752,MCSLab RTT AP3,b0:e4:d5:88:16:86,-60,1527,1104,3542755387,true
4,2024-11-28 14:12:54.895,MCSLab RTT AP2,24:29:34:e1:ef:d4,-71,8061,948,3542755530,true
4,2024-11-28 14:12:54.895,MCSLab RTT AP2,24:29:34:e1:ef:d4,-71,8061,948,3542755530,true
4,2024-11-28 14:12:54.895,MCSLab RTT AP3,e4:5e:1b:a0:5e:85,-61,13969,142,3542755530,true
4,2024-11-28 14:12:54.895,MCSLab RTT AP2,24:29:34:e1:ef:d4,-71,8061,948,3542755530,true
4,2024-11-28 14:12:54.895,MCSLab RTT AP3,e4:5e:1b:a0:5e:85,-61,13969,142,3542755530,true
4,2024-11-28 14:12:54.895,MCSLab RTT AP1,24:29:34:e2:4c:36,-59,2212,824,3542755530,true
4,2024-11-28 14:12:54.895,MCSLab RTT AP2,24:29:34:e1:ef:d4,-71,8061,948,3542755530,true
4,2024-11-28 14:12:54.895,MCSLab RTT AP3,e4:5e:1b:a0:5e:85,-61,13969,142,3542755530,true
4,2024-11-28 14:12:54.895,MCSLab RTT AP1,24:29:34:e2:4c:36,-59,2212,824,3542755530,true
4,2024-11-28 14:12:54.895,MCSLab RTT AP3,b0:e4:d5:88:16:86,-60,1331,1523,3542755530,true
4,2024-11-28 14:12:55.035,MCSLab RTT AP2,24:29:34:e1:ef:d4,-70,7632,1204,3542755669,true
4,2024-11-28 14:12:55.035,MCSLab RTT AP2,24:29:34:e1:ef:d4,-70,7632,1204,3542755669,true
4,2024-11-28 14:12:55.035,MCSLab RTT AP3,e4:5e:1b:a0:5e:85,-61,14028,88,3542755669,true
4,2024-11-28 14:12:55.035,MCSLab RTT AP2,24:29:34:e1:ef:d4,-70,7632,1204,3542755669,true
4,2024-11-28 14:12:55.035,MCSLab RTT AP3,e4:5e:1b:a0:5e:85,-61,14028,88,3542755669,true
4,2024-11-28 14:12:55.035,MCSLab RTT AP1,24:29:34:e2:4c:36,-60,1460,678,3542755669,true
4,2024-11-28 14:12:55.035,MCSLab RTT AP2,24:29:34:e1:ef:d4,-70,7632,1204,3542755669,true
4,2024-11-28 14:12:55.035,MCSLab RTT AP3,e4:5e:1b:a0:5e:85,-61,14028,88,3542755669,true
4,2024-11-28 14:12:55.035,MCSLab RTT AP1,24:29:34:e2:4c:36,-60,1460,678,3542755669,true
4,2024-11-28 14:12:55.035,MCSLab RTT AP3,b0:e4:d5:88:16:86,-59,1214,1330,3542755669,true
4,2024-11-28 14:12:55.170,MCSLab RTT AP2,24:29:34:e1:ef:d4,-70,7827,1120,3542755806,true
4,2024-11-28 14:12:55.170,MCSLab RTT AP2,24:29:34:e1:ef:d4,-70,7827,1120,3542755806,true
4,2024-11-28 14:12:55.170,MCSLab RTT AP3,e4:5e:1b:a0:5e:85,-61,8520,2111,3542755806,true
4,2024-11-28 14:12:55.170,MCSLab RTT AP2,24:29:34:e1:ef:d4,-70,7827,1120,3542755806,true
4,2024-11-28 14:12:55.170,MCSLab RTT AP3,e4:5e:1b:a0:5e:85,-61,8520,2111,3542755806,true
4,2024-11-28 14:12:55.170,MCSLab RTT AP1,24:29:34:e2:4c:36,-59,1108,919,3542755806,true
4,2024-11-28 14:12:55.170,MCSLab RTT AP2,24:29:34:e1:ef:d4,-70,7827,1120,3542755806,true
4,2024-11-28 14:12:55.170,MCSLab RTT AP3,e4:5e:1b:a0:5e:85,-61,8520,2111,3542755806,true
4,2024-11-28 14:12:55.170,MCSLab RTT AP1,24:29:34:e2:4c:36,-59,1108,919,3542755806,true
4,2024-11-28 14:12:55.170,MCSLab RTT AP3,b0:e4:d5:88:16:86,-59,1527,1149,3542755806,true
4,2024-11-28 14:12:55.358,MCSLab RTT AP2,24:29:34:e1:ef:d4,-70,7749,1150,3542755983,true
4,2024-11-28 14:12:55.358,MCSLab RTT AP2,24:29:34:e1:ef:d4,-70,7749,1150,3542755983,true
4,2024-11-28 14:12:55.358,MCSLab RTT AP3,e4:5e:1b:a0:5e:85,-62,14057,68,3542755983,true
4,2024-11-28 14:12:55.358,MCSLab RTT AP2,24:29:34:e1:ef:d4,-70,7749,1150,3542755983,true
4,2024-11-28 14:12:55.358,MCSLab RTT AP3,e4:5e:1b:a0:5e:85,-62,14057,68,3542755983,true
4,2024-11-28 14:12:55.358,MCSLab RTT AP1,24:29:34:e2:4c:36,-59,1264,746,3542755983,true
4,2024-11-28 14:12:55.358,MCSLab RTT AP2,24:29:34:e1:ef:d4,-70,7749,1150,3542755983,true
4,2024-11-28 14:12:55.358,MCSLab RTT AP3,e4:5e:1b:a0:5e:85,-62,14057,68,3542755983,true
4,2024-11-28 14:12:55.358,MCSLab RTT AP1,24:29:34:e2:4c:36,-59,1264,746,3542755983,true
4,2024-11-28 14:12:55.358,MCSLab RTT AP3,b0:e4:d5:88:16:86,-59,1683,1828,3542755983,true
4,2024-11-28 14:12:55.449,MCSLab RTT AP2,24:29:34:e1:ef:d4,-70,8569,870,3542756085,true
4,2024-11-28 14:12:55.449,MCSLab RTT AP2,24:29:34:e1:ef:d4,-70,8569,870,3542756085,true
4,2024-11-28 14:12:55.449,MCSLab RTT AP3,e4:5e:1b:a0:5e:85,-61,14028,88,3542756085,true
4,2024-11-28 14:12:55.449,MCSLab RTT AP2,24:29:34:e1:ef:d4,-70,8569,870,3542756085,true
4,2024-11-28 14:12:55.449,MCSLab RTT AP3,e4:5e:1b:a0:5e:85,-61,14028,88,3542756085,true
4,2024-11-28 14:12:55.449,MCSLab RTT AP1,24:29:34:e2:4c:36,-59,1186,782,3542756085,true
4,2024-11-28 14:12:55.449,MCSLab RTT AP2,24:29:34:e1:ef:d4,-70,8569,870,3542756085,true
4,2024-11-28 14:12:55.449,MCSLab RTT AP3,e4:5e:1b:a0:5e:85,-61,14028,88,3542756085,true
4,2024-11-28 14:12:55.449,MCSLab RTT AP1,24:29:34:e2:4c:36,-59,1186,782,3542756085,true
4,2024-11-28 14:12:55.449,MCSLab RTT AP3,b0:e4:d5:88:16:86,-59,2816,520,3542756085,true
4,2024-11-28 14:12:55.583,MCSLab RTT AP2,24:29:34:e1:ef:d4,-70,7046,1720,3542756219,true
4,2024-11-28 14:12:55.583,MCSLab RTT AP2,24:29:34:e1:ef:d4,-70,7046,1720,3542756219,true
4,2024-11-28 14:12:55.583,MCSLab RTT AP3,e4:5e:1b:a0:5e:85,-61,8364,2066,3542756218,true
4,2024-11-28 14:12:55.583,MCSLab RTT AP2,24:29:34:e1:ef:d4,-70,7046,1720,3542756219,true
4,2024-11-28 14:12:55.583,MCSLab RTT AP3,e4:5e:1b:a0:5e:85,-61,8364,2066,3542756218,true
4,2024-11-28 14:12:55.583,MCSLab RTT AP1,24:29:34:e2:4c:36,-59,2163,814,3542756219,true
4,2024-11-28 14:12:55.583,MCSLab RTT AP2,24:29:34:e1:ef:d4,-70,7046,1720,3542756219,true
4,2024-11-28 14:12:55.583,MCSLab RTT AP3,e4:5e:1b:a0:5e:85,-61,8364,2066,3542756218,true
4,2024-11-28 14:12:55.583,MCSLab RTT AP1,24:29:34:e2:4c:36,-59,2163,814,3542756219,true
4,2024-11-28 14:12:55.583,MCSLab RTT AP3,b0:e4:d5:88:16:86,-60,1527,1310,3542756218,true
4,2024-11-28 14:12:55.776,MCSLab RTT AP2,24:29:34:e1:ef:d4,-69,6694,1598,3542756402,true
4,2024-11-28 14:12:55.776,MCSLab RTT AP2,24:29:34:e1:ef:d4,-69,6694,1598,3542756402,true
4,2024-11-28 14:12:55.776,MCSLab RTT AP3,e4:5e:1b:a0:5e:85,-60,8286,2503,3542756401,true
4,2024-11-28 14:12:55.776,MCSLab RTT AP2,24:29:34:e1:ef:d4,-69,6694,1598,3542756402,true
4,2024-11-28 14:12:55.776,MCSLab RTT AP3,e4:5e:1b:a0:5e:85,-60,8286,2503,3542756401,true
4,2024-11-28 14:12:55.776,MCSLab RTT AP1,24:29:34:e2:4c:36,-53,1538,853,3542756401,true
4,2024-11-28 14:12:55.776,MCSLab RTT AP2,24:29:34:e1:ef:d4,-69,6694,1598,3542756402,true
4,2024-11-28 14:12:55.776,MCSLab RTT AP3,e4:5e:1b:a0:5e:85,-60,8286,2503,3542756401,true
4,2024-11-28 14:12:55.776,MCSLab RTT AP1,24:29:34:e2:4c:36,-53,1538,853,3542756401,true
4,2024-11-28 14:12:55.776,MCSLab RTT AP3,b0:e4:d5:88:16:86,-59,2659,1020,3542756401,true
4,2024-11-28 14:12:55.902,MCSLab RTT AP2,24:29:34:e1:ef:d4,-68,8491,1025,3542756538,true
4,2024-11-28 14:12:55.902,MCSLab RTT AP2,24:29:34:e1:ef:d4,-68,8491,1025,3542756538,true
4,2024-11-28 14:12:55.902,MCSLab RTT AP3,e4:5e:1b:a0:5e:85,-59,8403,2087,3542756538,true
4,2024-11-28 14:12:55.902,MCSLab RTT AP2,24:29:34:e1:ef:d4,-68,8491,1025,3542756538,true
4,2024-11-28 14:12:55.902,MCSLab RTT AP3,e4:5e:1b:a0:5e:85,-59,8403,2087,3542756538,true
4,2024-11-28 14:12:55.902,MCSLab RTT AP1,24:29:34:e2:4c:36,-60,1342,718,3542756538,true
4,2024-11-28 14:12:55.902,MCSLab RTT AP2,24:29:34:e1:ef:d4,-68,8491,1025,3542756538,true
4,2024-11-28 14:12:55.902,MCSLab RTT AP3,e4:5e:1b:a0:5e:85,-59,8403,2087,3542756538,true
4,2024-11-28 14:12:55.902,MCSLab RTT AP1,24:29:34:e2:4c:36,-60,1342,718,3542756538,true
4,2024-11-28 14:12:55.902,MCSLab RTT AP3,b0:e4:d5:88:16:86,-60,1448,1404,3542756538,true
4,2024-11-28 14:12:56.143,MCSLab RTT AP2,24:29:34:e1:ef:d4,-70,7827,1156,3542756761,true
4,2024-11-28 14:12:56.143,MCSLab RTT AP2,24:29:34:e1:ef:d4,-70,7827,1156,3542756761,true
4,2024-11-28 14:12:56.143,MCSLab RTT AP3,e4:5e:1b:a0:5e:85,-61,13794,82,3542756761,true
4,2024-11-28 14:12:56.143,MCSLab RTT AP2,24:29:34:e1:ef:d4,-70,7827,1156,3542756761,true
4,2024-11-28 14:12:56.143,MCSLab RTT AP3,e4:5e:1b:a0:5e:85,-61,13794,82,3542756761,true
4,2024-11-28 14:12:56.143,MCSLab RTT AP1,24:29:34:e2:4c:36,-60,1342,786,3542756761,true
4,2024-11-28 14:12:56.143,MCSLab RTT AP2,24:29:34:e1:ef:d4,-70,7827,1156,3542756761,true
4,2024-11-28 14:12:56.143,MCSLab RTT AP3,e4:5e:1b:a0:5e:85,-61,13794,82,3542756761,true
4,2024-11-28 14:12:56.143,MCSLab RTT AP1,24:29:34:e2:4c:36,-60,1342,786,3542756761,true
4,2024-11-28 14:12:56.143,MCSLab RTT AP3,b0:e4:d5:88:16:86,-61,1683,1244,3542756761,true
4,2024-11-28 14:12:56.330,MCSLab RTT AP2,24:29:34:e1:ef:d4,-68,8608,1033,3542756966,true
4,2024-11-28 14:12:56.330,MCSLab RTT AP2,24:29:34:e1:ef:d4,-68,8608,1033,3542756966,true
4,2024-11-28 14:12:56.330,MCSLab RTT AP3,e4:5e:1b:a0:5e:85,-60,8364,1201,3542756966,true
4,2024-11-28 14:12:56.330,MCSLab RTT AP2,24:29:34:e1:ef:d4,-68,8608,1033,3542756966,true
4,2024-11-28 14:12:56.330,MCSLab RTT AP3,e4:5e:1b:a0:5e:85,-60,8364,1201,3542756966,true
4,2024-11-28 14:12:56.330,MCSLab RTT AP1,24:29:34:e2:4c:36,-59,1147,931,3542756966,true
4,2024-11-28 14:12:56.330,MCSLab RTT AP2,24:29:34:e1:ef:d4,-68,8608,1033,3542756966,true
4,2024-11-28 14:12:56.330,MCSLab RTT AP3,e4:5e:1b:a0:5e:85,-60,8364,1201,3542756966,true
4,2024-11-28 14:12:56.330,MCSLab RTT AP1,24:29:34:e2:4c:36,-59,1147,931,3542756966,true
4,2024-11-28 14:12:56.330,MCSLab RTT AP3,b0:e4:d5:88:16:86,-58,3597,700,3542756966,true
4,2024-11-28 14:12:56.465,MCSLab RTT AP2,24:29:34:e1:ef:d4,-69,6811,1785,3542757101,true
4,2024-11-28 14:12:56.465,MCSLab RTT AP2,24:29:34:e1:ef:d4,-69,6811,1785,3542757101,true
4,2024-11-28 14:12:56.465,MCSLab RTT AP3,e4:5e:1b:a0:5e:85,-63,8364,1162,3542757101,true
4,2024-11-28 14:12:56.465,MCSLab RTT AP2,24:29:34:e1:ef:d4,-69,6811,1785,3542757101,true
4,2024-11-28 14:12:56.465,MCSLab RTT AP3,e4:5e:1b:a0:5e:85,-63,8364,1162,3542757101,true
4,2024-11-28 14:12:56.465,MCSLab RTT AP1,24:29:34:e2:4c:36,-60,1030,856,3542757101,true
4,2024-11-28 14:12:56.465,MCSLab RTT AP2,24:29:34:e1:ef:d4,-69,6811,1785,3542757101,true
4,2024-11-28 14:12:56.465,MCSLab RTT AP3,e4:5e:1b:a0:5e:85,-63,8364,1162,3542757101,true
4,2024-11-28 14:12:56.465,MCSLab RTT AP1,24:29:34:e2:4c:36,-60,1030,856,3542757101,true
4,2024-11-28 14:12:56.465,MCSLab RTT AP3,b0:e4:d5:88:16:86,-56,990,1492,3542757101,true
4,2024-11-28 14:12:56.585,MCSLab RTT AP2,24:29:34:e1:ef:d4,-68,7827,1373,3542757221,true
4,2024-11-28 14:12:56.585,MCSLab RTT AP2,24:29:34:e1:ef:d4,-68,7827,1373,3542757221,true
4,2024-11-28 14:12:56.585,MCSLab RTT AP3,e4:5e:1b:a0:5e:85,-63,8325,1336,3542757221,true
4,2024-11-28 14:12:56.585,MCSLab RTT AP2,24:29:34:e1:ef:d4,-68,7827,1373,3542757221,true
4,2024-11-28 14:12:56.585,MCSLab RTT AP3,e4:5e:1b:a0:5e:85,-63,8325,1336,3542757221,true
4,2024-11-28 14:12:56.585,MCSLab RTT AP1,24:29:34:e2:4c:36,-53,874,879,3542757221,true
4,2024-11-28 14:12:56.585,MCSLab RTT AP2,24:29:34:e1:ef:d4,-68,7827,1373,3542757221,true
4,2024-11-28 14:12:56.585,MCSLab RTT AP3,e4:5e:1b:a0:5e:85,-63,8325,1336,3542757221,true
4,2024-11-28 14:12:56.585,MCSLab RTT AP1,24:29:34:e2:4c:36,-53,874,879,3542757221,true
4,2024-11-28 14:12:56.585,MCSLab RTT AP3,b0:e4:d5:88:16:86,-60,1370,784,3542757221,true
4,2024-11-28 14:12:56.733,MCSLab RTT AP2,24:29:34:e1:ef:d4,-68,7710,1596,3542757362,true
4,2024-11-28 14:12:56.733,MCSLab RTT AP2,24:29:34:e1:ef:d4,-68,7710,1596,3542757362,true
4,2024-11-28 14:12:56.733,MCSLab RTT AP3,e4:5e:1b:a0:5e:85,-63,8325,1159,3542757362,true
4,2024-11-28 14:12:56.733,MCSLab RTT AP2,24:29:34:e1:ef:d4,-68,7710,1596,3542757362,true
4,2024-11-28 14:12:56.733,MCSLab RTT AP3,e4:5e:1b:a0:5e:85,-63,8325,1159,3542757362,true
4,2024-11-28 14:12:56.733,MCSLab RTT AP1,24:29:34:e2:4c:36,-60,1030,911,3542757362,true
4,2024-11-28 14:12:56.733,MCSLab RTT AP2,24:29:34:e1:ef:d4,-68,7710,1596,3542757362,true
4,2024-11-28 14:12:56.733,MCSLab RTT AP3,e4:5e:1b:a0:5e:85,-63,8325,1159,3542757362,true
4,2024-11-28 14:12:56.733,MCSLab RTT AP1,24:29:34:e2:4c:36,-60,1030,911,3542757362,true
4,2024-11-28 14:12:56.733,MCSLab RTT AP3,b0:e4:d5:88:16:86,-61,1175,1668,3542757362,true
